ID	Sex	BirthYear	BY.min	BY.max
C244991FRH	2	NA	2019	2022
C244992FRH	2	NA	2019	2022
C244993FRH	2	NA	2019	2022
C244994FRH	2	NA	2019	2022
C244995FRH	2	NA	2019	2022
C244996FRH	2	NA	2019	2022
C244997FRH	2	NA	2019	2022
C244998FRH	2	NA	2019	2022
C244999FRH	2	NA	2019	2022
C245000FRH	2	NA	2019	2022
C245001FRH	1	NA	2019	2022
C245002FRH	1	NA	2019	2022
C245003FRH	2	NA	2019	2022
C245004FRH	1	NA	2019	2022
C245005FRH	1	NA	2019	2022
C245006FRH	2	NA	2019	2022
C245007FRH	2	NA	2019	2022
C245008FRH	2	NA	2019	2022
C245009FRH	2	NA	2019	2022
C245010FRH	2	NA	2019	2022
C245011FRH	1	NA	2019	2022
C245012FRH	1	NA	2019	2022
C245027FRH	2	NA	2019	2022
C245028FRH	2	NA	2019	2022
C245029FRH	2	NA	2019	2022
C245030FRH	2	NA	2019	2022
C245031FRH	2	NA	2019	2022
C245032FRH	2	NA	2019	2022
C245033FRH	2	NA	2019	2022
C245034FRH	2	NA	2019	2022
C245035FRH	1	NA	2019	2022
C245036FRH	1	NA	2019	2022
C245037FRH	1	NA	2019	2022
C245038FRH	1	NA	2019	2022
C245039FRH	1	NA	2019	2022
C245040FRH	1	NA	2019	2022
C245041FRH	1	NA	2019	2022
C245042FRH	1	NA	2019	2022
C245043FRH	1	NA	2019	2022
C245044FRH	1	NA	2019	2022
C245045FRH	1	NA	2019	2022
C245046FRH	1	NA	2019	2022
C245047FRH	1	NA	2019	2022
C245048FRH	1	NA	2019	2022
C245049FRH	1	NA	2019	2022
C245050FRH	1	NA	2019	2022
C245051FRH	1	NA	2019	2022
C245052FRH	1	NA	2019	2022
C245053FRH	2	NA	2019	2022
C245054FRH	2	NA	2019	2022
C245055FRH	2	NA	2019	2022
C245056FRH	2	NA	2019	2022
C245057FRH	2	NA	2019	2022
C245058FRH	2	NA	2019	2022
C245059FRH	2	NA	2019	2022
C245060FRH	2	NA	2019	2022
C245061FRH	1	NA	2019	2022
C245062FRH	1	NA	2019	2022
C245063FRH	1	NA	2019	2022
C245064FRH	1	NA	2019	2022
C245065FRH	1	NA	2019	2022
C245066FRH	1	NA	2019	2022
C245067FRH	2	NA	2019	2022
C245068FRH	2	NA	2019	2022
C245069FRH	2	NA	2019	2022
C245070FRH	2	NA	2019	2022
C245071FRH	2	NA	2019	2022
C245072FRH	2	NA	2019	2022
C245073FRH	2	NA	2019	2022
C245074FRH	2	NA	2019	2022
C245075FRH	2	NA	2019	2022
C245076FRH	2	NA	2019	2022
C245077FRH	1	NA	2019	2022
C245078FRH	2	NA	2019	2022
C245079FRH	2	NA	2019	2022
C245080FRH	1	NA	2019	2022
C245081FRH	1	NA	2019	2022
C245082FRH	1	NA	2019	2022
C245093FRH	2	NA	2019	2022
C245094FRH	1	NA	2019	2022
C245095FRH	1	NA	2019	2022
C245096FRH	2	NA	2019	2022
C245098FRH	2	NA	2019	2022
C245099FRH	2	NA	2019	2022
C245100FRH	2	NA	2019	2022
C245101FRH	2	NA	2019	2022
C245102FRH	2	NA	2019	2022
C245103FRH	2	NA	2019	2022
C245104FRH	2	NA	2019	2022
C245105FRH	2	NA	2019	2022
C245106FRH	2	NA	2019	2022
C245107FRH	2	NA	2019	2022
C245108FRH	2	NA	2019	2022
C245109FRH	1	NA	2019	2022
C245110FRH	2	NA	2019	2022
C245111FRH	1	NA	2019	2022
C245112FRH	1	NA	2019	2022
C245113FRH	1	NA	2019	2022
C245114FRH	1	NA	2019	2022
C245115FRH	1	NA	2019	2022
C245116FRH	1	NA	2019	2022
C245117FRH	1	NA	2019	2022
C245118FRH	1	NA	2019	2022
C245119FRH	1	NA	2019	2022
C245120FRH	1	NA	2019	2022
C245121FRH	1	NA	2019	2022
C245122FRH	2	NA	2019	2022
C245123FRH	1	NA	2019	2022
C245124FRH	1	NA	2019	2022
C245125FRH	1	NA	2019	2022
C245126FRH	1	NA	2019	2022
C245127FRH	1	NA	2019	2022
C245128FRH	1	NA	2019	2022
C245129FRH	1	NA	2019	2022
C245130FRH	1	NA	2019	2022
C245131FRH	2	NA	2019	2022
C245132FRH	1	NA	2019	2022
C245133FRH	1	NA	2019	2022
C245134FRH	1	NA	2019	2022
C245135FRH	1	NA	2019	2022
C245136FRH	1	NA	2019	2022
C245137FRH	2	NA	2019	2022
C245138FRH	1	NA	2019	2022
C245139FRH	2	NA	2019	2022
C245140FRH	2	NA	2019	2022
C245141FRH	2	NA	2019	2022
C245142FRH	1	NA	2019	2022
C245143FRH	2	NA	2019	2022
C245144FRH	1	NA	2019	2022
C245145FRH	1	NA	2019	2022
C245146FRH	2	NA	2019	2022
C245147FRH	2	NA	2019	2022
C245148FRH	2	NA	2019	2022
C245149FRH	2	NA	2019	2022
C245150FRH	2	NA	2019	2022
C245151FRH	2	NA	2019	2022
C245152FRH	1	NA	2019	2022
C245153FRH	2	NA	2019	2022
C245154FRH	2	NA	2019	2022
C245155FRH	2	NA	2019	2022
C245156FRH	2	NA	2019	2022
C245157FRH	1	NA	2019	2022
C245158FRH	1	NA	2019	2022
C245159FRH	2	NA	2019	2022
C245160FRH	1	NA	2019	2022
C245161FRH	1	NA	2019	2022
C245162FRH	1	NA	2019	2022
C245163FRH	1	NA	2019	2022
C245164FRH	1	NA	2019	2022
C245165FRH	2	NA	2019	2022
C245166FRH	1	NA	2019	2022
C245167FRH	2	NA	2019	2022
C245168FRH	1	NA	2019	2022
C245169FRH	2	NA	2019	2022
C245170FRH	2	NA	2019	2022
C245171FRH	1	NA	2019	2022
C245172FRH	2	NA	2019	2022
C245173FRH	2	NA	2019	2022
C245174FRH	2	NA	2019	2022
C245175FRH	1	NA	2019	2022
C245176FRH	2	NA	2019	2022
C245177FRH	2	NA	2019	2022
C245178FRH	1	NA	2019	2022
C245179FRH	1	NA	2019	2022
C245180FRH	1	NA	2019	2022
C245181FRH	1	NA	2019	2022
C245182FRH	2	NA	2019	2022
C245183FRH	1	NA	2019	2022
C245184FRH	1	NA	2019	2022
C245185FRH	1	NA	2019	2022
C245186FRH	2	NA	2019	2022
C245187FRH	1	NA	2019	2022
C245188FRH	1	NA	2019	2022
C245197FRH	2	NA	2019	2022
C245198FRH	1	NA	2019	2022
C245199FRH	1	NA	2019	2022
C245200FRH	1	NA	2019	2022
C245201FRH	1	NA	2019	2022
C245202FRH	1	NA	2019	2022
C245203FRH	1	NA	2019	2022
C245204FRH	1	NA	2019	2022
C245205FRH	1	NA	2019	2022
C245206FRH	1	NA	2019	2022
C245207FRH	1	NA	2019	2022
C245208FRH	1	NA	2019	2022
C245209FRH	1	NA	2019	2022
C245210FRH	1	NA	2019	2022
C245211FRH	1	NA	2019	2022
C245212FRH	1	NA	2019	2022
C245213FRH	1	NA	2019	2022
C245214FRH	1	NA	2019	2022
C245215FRH	2	NA	2019	2022
C245216FRH	2	NA	2019	2022
C245217FRH	2	NA	2019	2022
C245218FRH	1	NA	2019	2022
C245219FRH	1	NA	2019	2022
C245220FRH	1	NA	2019	2022
C245221FRH	1	NA	2019	2022
C245222FRH	1	NA	2019	2022
C245223FRH	1	NA	2019	2022
C245224FRH	2	NA	2019	2022
C245225FRH	2	NA	2019	2022
C245226FRH	1	NA	2019	2022
C245227FRH	2	NA	2019	2022
C245228FRH	1	NA	2019	2022
C245229FRH	1	NA	2019	2022
C245230FRH	2	NA	2019	2022
C245231FRH	2	NA	2019	2022
C245232FRH	2	NA	2019	2022
C245233FRH	1	NA	2019	2022
C245234FRH	2	NA	2019	2022
C245235FRH	2	NA	2019	2022
C245236FRH	2	NA	2019	2022
C245237FRH	2	NA	2019	2022
C245238FRH	2	NA	2019	2022
C245239FRH	2	NA	2019	2022
C245240FRH	2	NA	2019	2022
C245241FRH	2	NA	2019	2022
C245242FRH	2	NA	2019	2022
C245243FRH	1	NA	2019	2022
C245244FRH	2	NA	2019	2022
C245245FRH	2	NA	2019	2022
C245246FRH	2	NA	2019	2022
C245247FRH	1	NA	2019	2022
C245248FRH	1	NA	2019	2022
C245249FRH	1	NA	2019	2022
C245250FRH	1	NA	2019	2022
C245251FRH	1	NA	2019	2022
C245252FRH	1	NA	2019	2022
C245253FRH	1	NA	2019	2022
C245254FRH	1	NA	2019	2022
C245255FRH	1	NA	2019	2022
C245256FRH	1	NA	2019	2022
C245257FRH	1	NA	2019	2022
C245258FRH	2	NA	2019	2022
C245259FRH	1	NA	2019	2022
C245260FRH	2	NA	2019	2022
C245261FRH	1	NA	2019	2022
C245262FRH	2	NA	2019	2022
C245263FRH	2	NA	2019	2022
C245264FRH	2	NA	2019	2022
C245265FRH	2	NA	2019	2022
C245266FRH	1	NA	2019	2022
C245267FRH	2	NA	2019	2022
C245268FRH	2	NA	2019	2022
C245269FRH	1	NA	2019	2022
C245270FRH	1	NA	2019	2022
C245271FRH	2	NA	2019	2022
C245272FRH	2	NA	2019	2022
C245273FRH	2	NA	2019	2022
C245274FRH	2	NA	2019	2022
C245275FRH	2	NA	2019	2022
C245276FRH	2	NA	2019	2022
C245281FRH	1	NA	2019	2022
C245282FRH	1	NA	2019	2022
C245283FRH	1	NA	2019	2022
C245284FRH	1	NA	2019	2022
C245285FRH	1	NA	2019	2022
C245286FRH	2	NA	2019	2022
C245287FRH	2	NA	2019	2022
C245288FRH	2	NA	2019	2022
C245292FRH	2	NA	2019	2022
C245293FRH	1	NA	2019	2022
C245294FRH	2	NA	2019	2022
C245295FRH	2	NA	2019	2022
C245296FRH	2	NA	2019	2022
C245297FRH	2	NA	2019	2022
C245298FRH	2	NA	2019	2022
C245299FRH	2	NA	2019	2022
C245300FRH	2	NA	2019	2022
C245301FRH	2	NA	2019	2022
C245302FRH	2	NA	2019	2022
C245303FRH	2	NA	2019	2022
C245304FRH	2	NA	2019	2022
C245305FRH	2	NA	2019	2022
C245306FRH	2	NA	2019	2022
C245307FRH	2	NA	2019	2022
C245308FRH	2	NA	2019	2022
C245309FRH	2	NA	2019	2022
C245310FRH	2	NA	2019	2022
C245311FRH	1	NA	2019	2022
C245312FRH	1	NA	2019	2022
C245313FRH	1	NA	2019	2022
C245314FRH	1	NA	2019	2022
C245315FRH	1	NA	2019	2022
C245316FRH	1	NA	2019	2022
C245317FRH	1	NA	2019	2022
C245318FRH	2	NA	2019	2022
C245319FRH	2	NA	2019	2022
C245320FRH	1	NA	2019	2022
C245321FRH	1	NA	2019	2022
C245322FRH	1	NA	2019	2022
C245323FRH	1	NA	2019	2022
C245324FRH	1	NA	2019	2022
C245325FRH	1	NA	2019	2022
C245326FRH	2	NA	2019	2022
C245327FRH	1	NA	2019	2022
C245328FRH	1	NA	2019	2022
C245329FRH	1	NA	2019	2022
C245330FRH	1	NA	2019	2022
C245336FRH	1	NA	2019	2022
C245337FRH	1	NA	2019	2022
C245338FRH	1	NA	2019	2022
C245339FRH	1	NA	2019	2022
C245340FRH	1	NA	2019	2022
C245341FRH	1	NA	2019	2022
C245342FRH	1	NA	2019	2022
C245343FRH	2	NA	2019	2022
C245344FRH	1	NA	2019	2022
C245345FRH	1	NA	2019	2022
C245346FRH	2	NA	2019	2022
C245347FRH	2	NA	2019	2022
C245348FRH	1	NA	2019	2022
C245349FRH	1	NA	2019	2022
C245350FRH	1	NA	2019	2022
C245351FRH	1	NA	2019	2022
C245352FRH	2	NA	2019	2022
C245353FRH	2	NA	2019	2022
C245354FRH	1	NA	2019	2022
C245355FRH	1	NA	2019	2022
C245356FRH	1	NA	2019	2022
C245357FRH	2	NA	2019	2022
C245358FRH	1	NA	2019	2022
C245359FRH	1	NA	2019	2022
C245360FRH	2	NA	2019	2022
C245361FRH	2	NA	2019	2022
C245362FRH	2	NA	2019	2022
C245363FRH	1	NA	2019	2022
C245364FRH	2	NA	2019	2022
C245365FRH	2	NA	2019	2022
C245366FRH	2	NA	2019	2022
C245367FRH	2	NA	2019	2022
C245368FRH	2	NA	2019	2022
C245369FRH	2	NA	2019	2022
C245370FRH	1	NA	2019	2022
C245371FRH	2	NA	2019	2022
C245372FRH	2	NA	2019	2022
C245373FRH	2	NA	2019	2022
C245374FRH	2	NA	2019	2022
C245375FRH	2	NA	2019	2022
C245376FRH	2	NA	2019	2022
C245377FRH	2	NA	2019	2022
C245378FRH	2	NA	2019	2022
C245379FRH	2	NA	2019	2022
C245380FRH	2	NA	2019	2022
C245381FRH	1	NA	2019	2022
C245382FRH	1	NA	2019	2022
C245383FRH	1	NA	2019	2022
C245384FRH	1	NA	2019	2022
C245385FRH	1	NA	2019	2022
C245386FRH	1	NA	2019	2022
C245387FRH	1	NA	2019	2022
C245388FRH	1	NA	2019	2022
C245389FRH	1	NA	2019	2022
C245390FRH	1	NA	2019	2022
C245391FRH	1	NA	2019	2022
C245392FRH	2	NA	2019	2022
C245393FRH	2	NA	2019	2022
C245394FRH	2	NA	2019	2022
C245395FRH	2	NA	2019	2022
C245396FRH	2	NA	2019	2022
C245397FRH	2	NA	2019	2022
C245398FRH	2	NA	2019	2022
C245399FRH	2	NA	2019	2022
C245400FRH	2	NA	2019	2022
C245401FRH	2	NA	2019	2022
C245733FRH	2	NA	2019	2022
C245734FRH	1	NA	2019	2022
C245735FRH	1	NA	2019	2022
C245736FRH	2	NA	2019	2022
C245738FRH	2	NA	2019	2022
C245739FRH	1	NA	2019	2022
C245740FRH	1	NA	2019	2022
C245741FRH	2	NA	2019	2022
C245742FRH	1	NA	2019	2022
C245743FRH	1	NA	2019	2022
C245744FRH	1	NA	2019	2022
C245745FRH	1	NA	2019	2022
C245746FRH	2	NA	2019	2022
C245747FRH	1	NA	2019	2022
C245748FRH	2	NA	2019	2022
C245749FRH	1	NA	2019	2022
C245750FRH	2	NA	2019	2022
C245751FRH	2	NA	2019	2022
C245752FRH	1	NA	2019	2022
C245753FRH	1	NA	2019	2022
C245754FRH	2	NA	2019	2022
C245755FRH	1	NA	2019	2022
C245756FRH	2	NA	2019	2022
C245757FRH	2	NA	2019	2022
C245758FRH	1	NA	2019	2022
C245759FRH	2	NA	2019	2022
C245760FRH	2	NA	2019	2022
C245761FRH	2	NA	2019	2022
C245762FRH	2	NA	2019	2022
C245763FRH	1	NA	2019	2022
C245764FRH	2	NA	2019	2022
C245765FRH	2	NA	2019	2022
C245766FRH	1	NA	2019	2022
C245767FRH	1	NA	2019	2022
C245768FRH	2	NA	2019	2022
C245769FRH	2	NA	2019	2022
C245770FRH	1	NA	2019	2022
C245771FRH	2	NA	2019	2022
C245772FRH	1	NA	2019	2022
C245773FRH	1	NA	2019	2022
C245774FRH	1	NA	2019	2022
C245775FRH	2	NA	2019	2022
C245776FRH	1	NA	2019	2022
C245777FRH	1	NA	2019	2022
C245778FRH	2	NA	2019	2022
C245779FRH	1	NA	2019	2022
C245780FRH	2	NA	2019	2022
C245781FRH	2	NA	2019	2022
C245782FRH	1	NA	2019	2022
C245783FRH	1	NA	2019	2022
C245784FRH	2	NA	2019	2022
C245785FRH	2	NA	2019	2022
C245786FRH	2	NA	2019	2022
C245787FRH	1	NA	2019	2022
C245788FRH	2	NA	2019	2022
C245789FRH	1	NA	2019	2022
C245790FRH	1	NA	2019	2022
C245791FRH	1	NA	2019	2022
C245792FRH	1	NA	2019	2022
C245793FRH	2	NA	2019	2022
C245794FRH	2	NA	2019	2022
C245795FRH	2	NA	2019	2022
C245796FRH	1	NA	2019	2022
C245797FRH	1	NA	2019	2022
C245798FRH	2	NA	2019	2022
C245799FRH	2	NA	2019	2022
C245800FRH	1	NA	2019	2022
C245801FRH	1	NA	2019	2022
C245802FRH	1	NA	2019	2022
C245803FRH	1	NA	2019	2022
C245804FRH	2	NA	2019	2022
C245805FRH	1	NA	2019	2022
C245806FRH	2	NA	2019	2022
C245807FRH	2	NA	2019	2022
C245808FRH	2	NA	2019	2022
C245809FRH	2	NA	2019	2022
C245810FRH	2	NA	2019	2022
C245811FRH	1	NA	2019	2022
C245812FRH	1	NA	2019	2022
C245813FRH	1	NA	2019	2022
C245814FRH	2	NA	2019	2022
C245815FRH	2	NA	2019	2022
C245816FRH	1	NA	2019	2022
C245817FRH	1	NA	2019	2022
C245818FRH	1	NA	2019	2022
C245819FRH	2	NA	2019	2022
C245820FRH	2	NA	2019	2022
C245821FRH	2	NA	2019	2022
C245822FRH	2	NA	2019	2022
C245823FRH	1	NA	2019	2022
C245824FRH	2	NA	2019	2022
C245825FRH	1	NA	2019	2022
C245826FRH	1	NA	2019	2022
C245827FRH	2	NA	2019	2022
C245828FRH	1	NA	2019	2022
C245829FRH	2	NA	2019	2022
C245830FRH	2	NA	2019	2022
C245831FRH	1	NA	2019	2022
C245832FRH	2	NA	2019	2022
C245833FRH	1	NA	2019	2022
C245834FRH	2	NA	2019	2022
C245835FRH	1	NA	2019	2022
C245836FRH	2	NA	2019	2022
C245837FRH	2	NA	2019	2022
C245838FRH	1	NA	2019	2022
C245839FRH	1	NA	2019	2022
C245840FRH	1	NA	2019	2022
C245841FRH	1	NA	2019	2022
C245842FRH	2	NA	2019	2022
C245843FRH	2	NA	2019	2022
C245844FRH	2	NA	2019	2022
C245845FRH	2	NA	2019	2022
C245846FRH	1	NA	2019	2022
C245847FRH	1	NA	2019	2022
C245848FRH	2	NA	2019	2022
C245849FRH	2	NA	2019	2022
C245850FRH	1	NA	2019	2022
C245851FRH	2	NA	2019	2022
C245852FRH	2	NA	2019	2022
C245853FRH	1	NA	2019	2022
C245854FRH	1	NA	2019	2022
C245855FRH	2	NA	2019	2022
C245856FRH	1	NA	2019	2022
C245857FRH	1	NA	2019	2022
C245858FRH	2	NA	2019	2022
C245859FRH	1	NA	2019	2022
C245860FRH	2	NA	2019	2022
C245861FRH	1	NA	2019	2022
C245862FRH	2	NA	2019	2022
C245864FRH	2	NA	2019	2022
C245866FRH	1	NA	2019	2022
C245867FRH	1	NA	2019	2022
C245868FRH	1	NA	2019	2022
C245869FRH	2	NA	2019	2022
C245870FRH	1	NA	2019	2022
C245871FRH	1	NA	2019	2022
C245872FRH	1	NA	2019	2022
C245873FRH	2	NA	2019	2022
C245874FRH	2	NA	2019	2022
C245876FRH	1	NA	2019	2022
C245877FRH	1	NA	2019	2022
C245878FRH	1	NA	2019	2022
C245879FRH	1	NA	2019	2022
C245880FRH	2	NA	2019	2022
C245881FRH	1	NA	2019	2022
C245882FRH	2	NA	2019	2022
C245883FRH	2	NA	2019	2022
C245884FRH	1	NA	2019	2022
C245885FRH	2	NA	2019	2022
C245886FRH	1	NA	2019	2022
C245887FRH	2	NA	2019	2022
C245888FRH	1	NA	2019	2022
C245889FRH	2	NA	2019	2022
C245890FRH	1	NA	2019	2022
C245891FRH	1	NA	2019	2022
C245892FRH	1	NA	2019	2022
C245894FRH	1	NA	2019	2022
C245895FRH	2	NA	2019	2022
C245896FRH	2	NA	2019	2022
C245897FRH	2	NA	2019	2022
C245898FRH	2	NA	2019	2022
C245899FRH	1	NA	2019	2022
C245901FRH	2	NA	2019	2022
C245902FRH	1	NA	2019	2022
C245903FRH	1	NA	2019	2022
C245904FRH	1	NA	2019	2022
C245905FRH	1	NA	2019	2022
C245906FRH	1	NA	2019	2022
C245907FRH	1	NA	2019	2022
C245908FRH	1	NA	2019	2022
C245909FRH	2	NA	2019	2022
C245910FRH	2	NA	2019	2022
C245911FRH	2	NA	2019	2022
C245912FRH	1	NA	2019	2022
C245913FRH	2	NA	2019	2022
C245915FRH	1	NA	2019	2022
C245916FRH	2	NA	2019	2022
C245917FRH	2	NA	2019	2022
C245918FRH	1	NA	2019	2022
C245919FRH	2	NA	2019	2022
C245920FRH	2	NA	2019	2022
C245921FRH	1	NA	2019	2022
C245923FRH	2	NA	2019	2022
C245924FRH	2	NA	2019	2022
C245925FRH	2	NA	2019	2022
C245926FRH	1	NA	2019	2022
C245927FRH	1	NA	2019	2022
C245928FRH	2	NA	2019	2022
C245929FRH	2	NA	2019	2022
C245930FRH	2	NA	2019	2022
C245931FRH	1	NA	2019	2022
C245932FRH	1	NA	2019	2022
C245933FRH	2	NA	2019	2022
C245934FRH	1	NA	2019	2022
C245935FRH	1	NA	2019	2022
C245936FRH	2	NA	2019	2022
C245937FRH	1	NA	2019	2022
C245938FRH	2	NA	2019	2022
C245939FRH	1	NA	2019	2022
C245940FRH	1	NA	2019	2022
C245941FRH	1	NA	2019	2022
C245942FRH	1	NA	2019	2022
C245943FRH	1	NA	2019	2022
C245944FRH	1	NA	2019	2022
C245945FRH	2	NA	2019	2022
C245946FRH	2	NA	2019	2022
C245947FRH	2	NA	2019	2022
C245948FRH	2	NA	2019	2022
C245949FRH	1	NA	2019	2022
C245950FRH	1	NA	2019	2022
C245951FRH	1	NA	2019	2022
C245952FRH	1	NA	2019	2022
C245953FRH	1	NA	2019	2022
C245954FRH	1	NA	2019	2022
C245955FRH	1	NA	2019	2022
C245956FRH	2	NA	2019	2022
C245957FRH	1	NA	2019	2022
C245958FRH	1	NA	2019	2022
C245959FRH	2	NA	2019	2022
C245960FRH	2	NA	2019	2022
C245961FRH	2	NA	2019	2022
C245962FRH	1	NA	2019	2022
C245963FRH	2	NA	2019	2022
C245964FRH	2	NA	2019	2022
C245965FRH	2	NA	2019	2022
C245966FRH	2	NA	2019	2022
C245967FRH	1	NA	2019	2022
C245968FRH	1	NA	2019	2022
C245969FRH	1	NA	2019	2022
C245970FRH	2	NA	2019	2022
C245971FRH	2	NA	2019	2022
C245972FRH	1	NA	2019	2022
C245973FRH	2	NA	2019	2022
C245974FRH	1	NA	2019	2022
C245975FRH	2	NA	2019	2022
C245976FRH	1	NA	2019	2022
C245977FRH	1	NA	2019	2022
C245978FRH	1	NA	2019	2022
C245979FRH	1	NA	2019	2022
C245980FRH	2	NA	2019	2022
C245981FRH	1	NA	2019	2022
C245982FRH	2	NA	2019	2022
C245983FRH	2	NA	2019	2022
C245984FRH	2	NA	2019	2022
C245985FRH	2	NA	2019	2022
C245986FRH	2	NA	2019	2022
C245987FRH	2	NA	2019	2022
C245988FRH	2	NA	2019	2022
C245989FRH	1	NA	2019	2022
C245990FRH	2	NA	2019	2022
C245991FRH	2	NA	2019	2022
C245992FRH	2	NA	2019	2022
C245993FRH	2	NA	2019	2022
C245994FRH	2	NA	2019	2022
C245995FRH	2	NA	2019	2022
C245996FRH	1	NA	2019	2022
C245997FRH	2	NA	2019	2022
C245998FRH	2	NA	2019	2022
C245999FRH	1	NA	2019	2022
C246000FRH	1	NA	2019	2022
C246001FRH	1	NA	2019	2022
C246002FRH	1	NA	2019	2022
C246003FRH	1	NA	2019	2022
C246005FRH	1	NA	2019	2022
C246006FRH	2	NA	2019	2022
C246007FRH	1	NA	2019	2022
C246008FRH	1	NA	2019	2022
C246009FRH	1	NA	2019	2022
C246010FRH	1	NA	2019	2022
C246011FRH	2	NA	2019	2022
C246012FRH	1	NA	2019	2022
C246013FRH	1	NA	2019	2022
C246014FRH	1	NA	2019	2022
C246015FRH	2	NA	2019	2022
C246016FRH	1	NA	2019	2022
C246017FRH	1	NA	2019	2022
C247311FRH	1	NA	2019	2022
C247312FRH	2	NA	2019	2022
C247313FRH	1	NA	2019	2022
C247314FRH	2	NA	2019	2022
C247315FRH	2	NA	2019	2022
C247316FRH	1	NA	2019	2022
C247317FRH	1	NA	2019	2022
C247318FRH	1	NA	2019	2022
C247319FRH	1	NA	2019	2022
C247320FRH	2	NA	2019	2022
C247321FRH	2	NA	2019	2022
C247322FRH	1	NA	2019	2022
C247323FRH	2	NA	2019	2022
C247324FRH	2	NA	2019	2022
C247325FRH	2	NA	2019	2022
C247326FRH	2	NA	2019	2022
C247327FRH	2	NA	2019	2022
C247328FRH	2	NA	2019	2022
C247330FRH	1	NA	2019	2022
C247331FRH	2	NA	2019	2022
C247332FRH	2	NA	2019	2022
C247333FRH	1	NA	2019	2022
C247334FRH	2	NA	2019	2022
C247335FRH	1	NA	2019	2022
C247336FRH	2	NA	2019	2022
C247337FRH	2	NA	2019	2022
C247338FRH	1	NA	2019	2022
C247339FRH	2	NA	2019	2022
C247340FRH	2	NA	2019	2022
C247341FRH	1	NA	2019	2022
C247342FRH	2	NA	2019	2022
C247343FRH	2	NA	2019	2022
C247344FRH	1	NA	2019	2022
C247345FRH	2	NA	2019	2022
C247346FRH	1	NA	2019	2022
C247347FRH	1	NA	2019	2022
C247348FRH	2	NA	2019	2022
C247349FRH	1	NA	2019	2022
C247350FRH	1	NA	2019	2022
C247351FRH	2	NA	2019	2022
C247352FRH	1	NA	2019	2022
C247353FRH	1	NA	2019	2022
C247354FRH	2	NA	2019	2022
C247355FRH	2	NA	2019	2022
C247356FRH	2	NA	2019	2022
C247357FRH	2	NA	2019	2022
C247358FRH	1	NA	2019	2022
C247359FRH	1	NA	2019	2022
C247360FRH	2	NA	2019	2022
C247361FRH	1	NA	2019	2022
C247362FRH	1	NA	2019	2022
C247363FRH	2	NA	2019	2022
C247364FRH	2	NA	2019	2022
C247365FRH	1	NA	2019	2022
C247366FRH	1	NA	2019	2022
C247367FRH	2	NA	2019	2022
C247368FRH	1	NA	2019	2022
C247369FRH	1	NA	2019	2022
C247370FRH	2	NA	2019	2022
C247371FRH	1	NA	2019	2022
C247372FRH	1	NA	2019	2022
C247373FRH	2	NA	2019	2022
C247374FRH	1	NA	2019	2022
C247375FRH	1	NA	2019	2022
C247376FRH	2	NA	2019	2022
C247377FRH	2	NA	2019	2022
C247378FRH	2	NA	2019	2022
C247379FRH	1	NA	2019	2022
C247380FRH	2	NA	2019	2022
C247381FRH	2	NA	2019	2022
C247382FRH	1	NA	2019	2022
C247383FRH	1	NA	2019	2022
C247384FRH	1	NA	2019	2022
C247385FRH	1	NA	2019	2022
C247387FRH	1	NA	2019	2022
C247388FRH	2	NA	2019	2022
C247389FRH	2	NA	2019	2022
C247390FRH	1	NA	2019	2022
C247391FRH	2	NA	2019	2022
C247392FRH	2	NA	2019	2022
C247393FRH	1	NA	2019	2022
C247394FRH	2	NA	2019	2022
C247395FRH	1	NA	2019	2022
C247396FRH	2	NA	2019	2022
C247397FRH	2	NA	2019	2022
C247398FRH	1	NA	2019	2022
C247399FRH	2	NA	2019	2022
C247400FRH	1	NA	2019	2022
C247401FRH	1	NA	2019	2022
C247402FRH	1	NA	2019	2022
C247403FRH	2	NA	2019	2022
C247404FRH	2	NA	2019	2022
C247405FRH	2	NA	2019	2022
C247406FRH	2	NA	2019	2022
C247407FRH	2	NA	2019	2022
C247408FRH	1	NA	2019	2022
C247409FRH	1	NA	2019	2022
C247410FRH	2	NA	2019	2022
C247411FRH	1	NA	2019	2022
C247412FRH	1	NA	2019	2022
C247413FRH	2	NA	2019	2022
C247414FRH	2	NA	2019	2022
C247415FRH	1	NA	2019	2022
C247416FRH	2	NA	2019	2022
C247417FRH	2	NA	2019	2022
C247418FRH	2	NA	2019	2022
C247419FRH	1	NA	2019	2022
C247420FRH	2	NA	2019	2022
C247421FRH	2	NA	2019	2022
C247422FRH	1	NA	2019	2022
C247423FRH	2	NA	2019	2022
C247424FRH	2	NA	2019	2022
C247425FRH	1	NA	2019	2022
C247426FRH	2	NA	2019	2022
C247427FRH	1	NA	2019	2022
C247428FRH	1	NA	2019	2022
C247429FRH	1	NA	2019	2022
C247430FRH	2	NA	2019	2022
C247431FRH	1	NA	2019	2022
C247432FRH	2	NA	2019	2022
C247433FRH	2	NA	2019	2022
C247434FRH	2	NA	2019	2022
C247435FRH	1	NA	2019	2022
C247436FRH	1	NA	2019	2022
C247437FRH	2	NA	2019	2022
C247438FRH	1	NA	2019	2022
C247439FRH	2	NA	2019	2022
C247440FRH	2	NA	2019	2022
C247441FRH	1	NA	2019	2022
C247442FRH	1	NA	2019	2022
C247443FRH	1	NA	2019	2022
C247444FRH	2	NA	2019	2022
C247445FRH	1	NA	2019	2022
C247446FRH	2	NA	2019	2022
C247447FRH	1	NA	2019	2022
C247448FRH	2	NA	2019	2022
C247449FRH	2	NA	2019	2022
C247450FRH	1	NA	2019	2022
C247451FRH	1	NA	2019	2022
C247452FRH	1	NA	2019	2022
C247453FRH	2	NA	2019	2022
C247454FRH	2	NA	2019	2022
C247455FRH	2	NA	2019	2022
C247456FRH	2	NA	2019	2022
C247457FRH	1	NA	2019	2022
C247458FRH	2	NA	2019	2022
C247459FRH	1	NA	2019	2022
C247460FRH	2	NA	2019	2022
C247461FRH	1	NA	2019	2022
C247462FRH	1	NA	2019	2022
C247463FRH	1	NA	2019	2022
C247464FRH	2	NA	2019	2022
C247465FRH	2	NA	2019	2022
C247466FRH	1	NA	2019	2022
C247467FRH	1	NA	2019	2022
C247468FRH	2	NA	2019	2022
C247469FRH	1	NA	2019	2022
C247470FRH	1	NA	2019	2022
C247471FRH	2	NA	2019	2022
C247472FRH	1	NA	2019	2022
C247473FRH	2	NA	2019	2022
C247474FRH	2	NA	2019	2022
C247475FRH	1	NA	2019	2022
C247476FRH	1	NA	2019	2022
C247477FRH	1	NA	2019	2022
C247478FRH	2	NA	2019	2022
C247479FRH	2	NA	2019	2022
C247480FRH	1	NA	2019	2022
C247481FRH	1	NA	2019	2022
C247482FRH	2	NA	2019	2022
C247483FRH	2	NA	2019	2022
C247484FRH	1	NA	2019	2022
C247485FRH	1	NA	2019	2022
C247486FRH	2	NA	2019	2022
C247487FRH	1	NA	2019	2022
C247733FRH	2	NA	2019	2022
C247734FRH	2	NA	2019	2022
C247735FRH	2	NA	2019	2022
C247736FRH	2	NA	2019	2022
C247737FRH	2	NA	2019	2022
C247738FRH	2	NA	2019	2022
C247739FRH	2	NA	2019	2022
C247740FRH	2	NA	2019	2022
C247741FRH	2	NA	2019	2022
C247742FRH	2	NA	2019	2022
C247743FRH	2	NA	2019	2022
C247744FRH	2	NA	2019	2022
C247745FRH	2	NA	2019	2022
C247746FRH	2	NA	2019	2022
C247747FRH	2	NA	2019	2022
C247748FRH	2	NA	2019	2022
C247749FRH	2	NA	2019	2022
C247750FRH	2	NA	2019	2022
C247751FRH	2	NA	2019	2022
C247752FRH	2	NA	2019	2022
C247753FRH	1	NA	2019	2022
C247754FRH	1	NA	2019	2022
C247755FRH	1	NA	2019	2022
C247756FRH	1	NA	2019	2022
C247757FRH	1	NA	2019	2022
C247758FRH	1	NA	2019	2022
C247759FRH	1	NA	2019	2022
C247760FRH	1	NA	2019	2022
C247768FRH	2	NA	2019	2022
C247769FRH	2	NA	2019	2022
C247770FRH	2	NA	2019	2022
C247771FRH	2	NA	2019	2022
C247772FRH	2	NA	2019	2022
C247773FRH	1	NA	2019	2022
C247776FRH	1	NA	2019	2022
C247777FRH	1	NA	2019	2022
C247778FRH	1	NA	2019	2022
C247780FRH	2	NA	2019	2022
C247784FRH	2	NA	2019	2022
C247785FRH	2	NA	2019	2022
C247787FRH	1	NA	2019	2022
C247789FRH	1	NA	2019	2022
C247790FRH	1	NA	2019	2022
C247791FRH	1	NA	2019	2022
C247793FRH	1	NA	2019	2022
C247795FRH	1	NA	2019	2022
C247796FRH	1	NA	2019	2022
C247797FRH	1	NA	2019	2022
C247798FRH	1	NA	2019	2022
C247799FRH	1	NA	2019	2022
C247800FRH	1	NA	2019	2022
C247801FRH	1	NA	2019	2022
C247802FRH	1	NA	2019	2022
C240069FRH	2	NA	2019	2022
C240070FRH	1	NA	2019	2022
C240071FRH	2	NA	2019	2022
C240072FRH	2	NA	2019	2022
C240073FRH	1	NA	2019	2022
C240074FRH	1	NA	2019	2022
C240075FRH	2	NA	2019	2022
C240076FRH	2	NA	2019	2022
C240077FRH	1	NA	2019	2022
C240078FRH	2	NA	2019	2022
C240079FRH	1	NA	2019	2022
C240080FRH	1	NA	2019	2022
C240081FRH	2	NA	2019	2022
C240082FRH	2	NA	2019	2022
C240083FRH	2	NA	2019	2022
C240084FRH	1	NA	2019	2022
C240085FRH	1	NA	2019	2022
C240086FRH	1	NA	2019	2022
C240087FRH	2	NA	2019	2022
C240088FRH	1	NA	2019	2022
C240089FRH	1	NA	2019	2022
C240090FRH	2	NA	2019	2022
C240091FRH	2	NA	2019	2022
C240092FRH	2	NA	2019	2022
C240093FRH	2	NA	2019	2022
C240094FRH	2	NA	2019	2022
C240095FRH	1	NA	2019	2022
C240096FRH	2	NA	2019	2022
C240097FRH	1	NA	2019	2022
C240098FRH	1	NA	2019	2022
C240099FRH	1	NA	2019	2022
C240100FRH	2	NA	2019	2022
C240101FRH	1	NA	2019	2022
C240102FRH	1	NA	2019	2022
C240103FRH	1	NA	2019	2022
C240104FRH	1	NA	2019	2022
C240105FRH	1	NA	2019	2022
C240106FRH	1	NA	2019	2022
C240107FRH	1	NA	2019	2022
C240108FRH	1	NA	2019	2022
C240109FRH	2	NA	2019	2022
C240110FRH	2	NA	2019	2022
C240111FRH	2	NA	2019	2022
C240112FRH	2	NA	2019	2022
C240113FRH	2	NA	2019	2022
C240114FRH	1	NA	2019	2022
C240115FRH	1	NA	2019	2022
C240116FRH	1	NA	2019	2022
C240117FRH	2	NA	2019	2022
C240133FRH	2	NA	2019	2022
C240134FRH	1	NA	2019	2022
C240135FRH	2	NA	2019	2022
C240136FRH	2	NA	2019	2022
C240137FRH	2	NA	2019	2022
C240138FRH	1	NA	2019	2022
C240139FRH	2	NA	2019	2022
C240140FRH	1	NA	2019	2022
C240141FRH	1	NA	2019	2022
C240142FRH	1	NA	2019	2022
C240143FRH	1	NA	2019	2022
C240144FRH	2	NA	2019	2022
C240145FRH	2	NA	2019	2022
C240146FRH	1	NA	2019	2022
C240147FRH	1	NA	2019	2022
C240148FRH	1	NA	2019	2022
C240149FRH	1	NA	2019	2022
C240150FRH	2	NA	2019	2022
C240151FRH	2	NA	2019	2022
C240152FRH	2	NA	2019	2022
C240153FRH	2	NA	2019	2022
C240154FRH	2	NA	2019	2022
C240155FRH	1	NA	2019	2022
C240156FRH	2	NA	2019	2022
C240157FRH	1	NA	2019	2022
C240158FRH	1	NA	2019	2022
C240159FRH	2	NA	2019	2022
C240160FRH	1	NA	2019	2022
C240161FRH	2	NA	2019	2022
C240162FRH	1	NA	2019	2022
C240163FRH	2	NA	2019	2022
C240164FRH	2	NA	2019	2022
C240165FRH	2	NA	2019	2022
C240166FRH	1	NA	2019	2022
C240167FRH	1	NA	2019	2022
C240168FRH	1	NA	2019	2022
C240169FRH	1	NA	2019	2022
C240170FRH	2	NA	2019	2022
C240171FRH	2	NA	2019	2022
C240172FRH	1	NA	2019	2022
C240173FRH	2	NA	2019	2022
C240174FRH	1	NA	2019	2022
C240175FRH	1	NA	2019	2022
C240176FRH	2	NA	2019	2022
C240177FRH	1	NA	2019	2022
C240178FRH	1	NA	2019	2022
C240179FRH	2	NA	2019	2022
C240180FRH	2	NA	2019	2022
C240181FRH	1	NA	2019	2022
C240182FRH	1	NA	2019	2022
C240183FRH	2	NA	2019	2022
C240184FRH	2	NA	2019	2022
C240185FRH	1	NA	2019	2022
C240186FRH	2	NA	2019	2022
C240187FRH	1	NA	2019	2022
C240188FRH	1	NA	2019	2022
C240189FRH	1	NA	2019	2022
C240190FRH	1	NA	2019	2022
C240191FRH	2	NA	2019	2022
C240192FRH	1	NA	2019	2022
C240193FRH	2	NA	2019	2022
C240194FRH	2	NA	2019	2022
C240195FRH	1	NA	2019	2022
C240196FRH	2	NA	2019	2022
C240197FRH	2	NA	2019	2022
C240198FRH	2	NA	2019	2022
C240199FRH	2	NA	2019	2022
C240200FRH	1	NA	2019	2022
C240201FRH	2	NA	2019	2022
C240202FRH	1	NA	2019	2022
C240203FRH	1	NA	2019	2022
C240204FRH	1	NA	2019	2022
C240205FRH	2	NA	2019	2022
C240206FRH	2	NA	2019	2022
C240207FRH	1	NA	2019	2022
C240208FRH	2	NA	2019	2022
C240209FRH	2	NA	2019	2022
C240210FRH	1	NA	2019	2022
C240211FRH	1	NA	2019	2022
C240212FRH	1	NA	2019	2022
C240213FRH	2	NA	2019	2022
C240214FRH	2	NA	2019	2022
C240215FRH	2	NA	2019	2022
C240216FRH	1	NA	2019	2022
C240217FRH	2	NA	2019	2022
C240218FRH	1	NA	2019	2022
C240219FRH	2	NA	2019	2022
C240220FRH	1	NA	2019	2022
C240221FRH	1	NA	2019	2022
C240222FRH	1	NA	2019	2022
C240223FRH	1	NA	2019	2022
C240224FRH	2	NA	2019	2022
C240225FRH	2	NA	2019	2022
C240226FRH	2	NA	2019	2022
C240227FRH	2	NA	2019	2022
C240234FRH	2	NA	2019	2022
C240235FRH	1	NA	2019	2022
C240236FRH	1	NA	2019	2022
C240237FRH	1	NA	2019	2022
C240238FRH	2	NA	2019	2022
C240239FRH	1	NA	2019	2022
C240240FRH	2	NA	2019	2022
C240241FRH	2	NA	2019	2022
C240242FRH	2	NA	2019	2022
C240243FRH	2	NA	2019	2022
C240244FRH	2	NA	2019	2022
C240245FRH	2	NA	2019	2022
C240246FRH	1	NA	2019	2022
C240247FRH	1	NA	2019	2022
C240248FRH	2	NA	2019	2022
C240249FRH	1	NA	2019	2022
C240250FRH	2	NA	2019	2022
C240251FRH	2	NA	2019	2022
C240252FRH	2	NA	2019	2022
C240253FRH	1	NA	2019	2022
C240254FRH	2	NA	2019	2022
C240255FRH	2	NA	2019	2022
C240256FRH	1	NA	2019	2022
C240257FRH	1	NA	2019	2022
C240258FRH	1	NA	2019	2022
C240259FRH	2	NA	2019	2022
C240260FRH	2	NA	2019	2022
C240261FRH	1	NA	2019	2022
C240262FRH	1	NA	2019	2022
C240263FRH	1	NA	2019	2022
C240264FRH	1	NA	2019	2022
C240265FRH	1	NA	2019	2022
C240266FRH	1	NA	2019	2022
C240267FRH	1	NA	2019	2022
C240268FRH	1	NA	2019	2022
C240269FRH	2	NA	2019	2022
C240270FRH	2	NA	2019	2022
C240271FRH	1	NA	2019	2022
C240272FRH	2	NA	2019	2022
C240275FRH	1	NA	2019	2022
C240276FRH	2	NA	2019	2022
C240277FRH	2	NA	2019	2022
C240278FRH	1	NA	2019	2022
C240279FRH	2	NA	2019	2022
C240280FRH	2	NA	2019	2022
C240281FRH	1	NA	2019	2022
C240282FRH	1	NA	2019	2022
C240283FRH	2	NA	2019	2022
C240284FRH	2	NA	2019	2022
C240285FRH	1	NA	2019	2022
C240286FRH	1	NA	2019	2022
C240288FRH	1	NA	2019	2022
C240289FRH	2	NA	2019	2022
C240290FRH	2	NA	2019	2022
C240291FRH	1	NA	2019	2022
C240292FRH	1	NA	2019	2022
C240293FRH	1	NA	2019	2022
C240294FRH	2	NA	2019	2022
C240295FRH	2	NA	2019	2022
C240296FRH	1	NA	2019	2022
C240297FRH	2	NA	2019	2022
C240298FRH	2	NA	2019	2022
C240299FRH	1	NA	2019	2022
C240300FRH	1	NA	2019	2022
C240301FRH	2	NA	2019	2022
C240302FRH	1	NA	2019	2022
C240303FRH	1	NA	2019	2022
C240304FRH	2	NA	2019	2022
C240305FRH	1	NA	2019	2022
C240306FRH	2	NA	2019	2022
C240307FRH	1	NA	2019	2022
C240308FRH	2	NA	2019	2022
C240309FRH	2	NA	2019	2022
C240310FRH	2	NA	2019	2022
C240311FRH	1	NA	2019	2022
C240319FRH	2	NA	2019	2022
C240320FRH	1	NA	2019	2022
C240321FRH	1	NA	2019	2022
C240322FRH	1	NA	2019	2022
C240323FRH	2	NA	2019	2022
C240324FRH	1	NA	2019	2022
C240325FRH	1	NA	2019	2022
C240326FRH	2	NA	2019	2022
C240327FRH	1	NA	2019	2022
C240328FRH	2	NA	2019	2022
C240329FRH	2	NA	2019	2022
C240330FRH	2	NA	2019	2022
C240331FRH	1	NA	2019	2022
C240332FRH	1	NA	2019	2022
C240333FRH	2	NA	2019	2022
C240334FRH	2	NA	2019	2022
C240335FRH	1	NA	2019	2022
C240336FRH	1	NA	2019	2022
C240337FRH	2	NA	2019	2022
C240338FRH	2	NA	2019	2022
C240339FRH	1	NA	2019	2022
C240340FRH	2	NA	2019	2022
C240348FRH	2	NA	2019	2022
C240349FRH	1	NA	2019	2022
C240350FRH	2	NA	2019	2022
C240351FRH	1	NA	2019	2022
C240352FRH	1	NA	2019	2022
C240353FRH	1	NA	2019	2022
C240354FRH	2	NA	2019	2022
C240356FRH	1	NA	2019	2022
C240357FRH	2	NA	2019	2022
C240358FRH	2	NA	2019	2022
C240359FRH	1	NA	2019	2022
C240360FRH	1	NA	2019	2022
C240361FRH	1	NA	2019	2022
C240362FRH	1	NA	2019	2022
C240363FRH	2	NA	2019	2022
C240364FRH	1	NA	2019	2022
C240365FRH	2	NA	2019	2022
C240368FRH	2	NA	2019	2022
C240369FRH	2	NA	2019	2022
C240370FRH	1	NA	2019	2022
C240371FRH	1	NA	2019	2022
C240372FRH	1	NA	2019	2022
C240373FRH	2	NA	2019	2022
C240374FRH	1	NA	2019	2022
C240375FRH	2	NA	2019	2022
C240376FRH	1	NA	2019	2022
C240377FRH	1	NA	2019	2022
C240378FRH	2	NA	2019	2022
C240379FRH	2	NA	2019	2022
C240380FRH	1	NA	2019	2022
C240381FRH	1	NA	2019	2022
C240382FRH	2	NA	2019	2022
C240383FRH	1	NA	2019	2022
C240384FRH	1	NA	2019	2022
C240385FRH	1	NA	2019	2022
C240386FRH	2	NA	2019	2022
C240387FRH	2	NA	2019	2022
C240388FRH	1	NA	2019	2022
C240389FRH	1	NA	2019	2022
C240390FRH	1	NA	2019	2022
C240391FRH	1	NA	2019	2022
C240392FRH	1	NA	2019	2022
C240393FRH	2	NA	2019	2022
C240394FRH	1	NA	2019	2022
C240395FRH	1	NA	2019	2022
C240396FRH	2	NA	2019	2022
C240397FRH	2	NA	2019	2022
C240398FRH	2	NA	2019	2022
C240399FRH	2	NA	2019	2022
C240400FRH	2	NA	2019	2022
C240401FRH	2	NA	2019	2022
C240402FRH	1	NA	2019	2022
C240403FRH	2	NA	2019	2022
C240404FRH	2	NA	2019	2022
C240405FRH	2	NA	2019	2022
C240406FRH	2	NA	2019	2022
C240407FRH	1	NA	2019	2022
C240408FRH	1	NA	2019	2022
C240409FRH	1	NA	2019	2022
C240410FRH	2	NA	2019	2022
C240411FRH	2	NA	2019	2022
C240412FRH	2	NA	2019	2022
C240413FRH	2	NA	2019	2022
C240414FRH	2	NA	2019	2022
C240415FRH	1	NA	2019	2022
C240416FRH	1	NA	2019	2022
C240417FRH	1	NA	2019	2022
C240418FRH	2	NA	2019	2022
C240419FRH	2	NA	2019	2022
C240420FRH	1	NA	2019	2022
C240421FRH	1	NA	2019	2022
C240422FRH	2	NA	2019	2022
C240423FRH	1	NA	2019	2022
C240424FRH	1	NA	2019	2022
C240425FRH	2	NA	2019	2022
C240426FRH	2	NA	2019	2022
C240427FRH	1	NA	2019	2022
C240428FRH	2	NA	2019	2022
C240429FRH	2	NA	2019	2022
C240430FRH	1	NA	2019	2022
C240431FRH	1	NA	2019	2022
C240432FRH	1	NA	2019	2022
C240433FRH	1	NA	2019	2022
C240434FRH	1	NA	2019	2022
C240435FRH	2	NA	2019	2022
C240436FRH	2	NA	2019	2022
C240437FRH	1	NA	2019	2022
C240438FRH	2	NA	2019	2022
C240439FRH	2	NA	2019	2022
C240440FRH	2	NA	2019	2022
C240441FRH	2	NA	2019	2022
C240442FRH	2	NA	2019	2022
C240447FRH	1	NA	2019	2022
C240448FRH	1	NA	2019	2022
C240449FRH	1	NA	2019	2022
C240450FRH	2	NA	2019	2022
C240451FRH	1	NA	2019	2022
C240452FRH	1	NA	2019	2022
C240453FRH	1	NA	2019	2022
C240454FRH	1	NA	2019	2022
C240455FRH	2	NA	2019	2022
C240456FRH	1	NA	2019	2022
C240457FRH	1	NA	2019	2022
C240458FRH	1	NA	2019	2022
C240459FRH	2	NA	2019	2022
C240460FRH	1	NA	2019	2022
C240461FRH	1	NA	2019	2022
C240462FRH	1	NA	2019	2022
C240463FRH	2	NA	2019	2022
C240464FRH	2	NA	2019	2022
C240465FRH	2	NA	2019	2022
C240466FRH	2	NA	2019	2022
C240467FRH	1	NA	2019	2022
C240468FRH	2	NA	2019	2022
C240469FRH	1	NA	2019	2022
C240470FRH	1	NA	2019	2022
C240471FRH	2	NA	2019	2022
C240472FRH	2	NA	2019	2022
C240473FRH	1	NA	2019	2022
C240474FRH	1	NA	2019	2022
C240475FRH	2	NA	2019	2022
C240476FRH	2	NA	2019	2022
C240477FRH	1	NA	2019	2022
C240478FRH	1	NA	2019	2022
C240479FRH	2	NA	2019	2022
C240480FRH	1	NA	2019	2022
C240481FRH	2	NA	2019	2022
C240482FRH	1	NA	2019	2022
C240483FRH	1	NA	2019	2022
C240484FRH	2	NA	2019	2022
C240485FRH	2	NA	2019	2022
C240486FRH	1	NA	2019	2022
C240487FRH	1	NA	2019	2022
C240488FRH	1	NA	2019	2022
C240489FRH	2	NA	2019	2022
C240490FRH	1	NA	2019	2022
C240491FRH	1	NA	2019	2022
C240492FRH	1	NA	2019	2022
C240493FRH	2	NA	2019	2022
C240494FRH	1	NA	2019	2022
C240495FRH	1	NA	2019	2022
C240496FRH	2	NA	2019	2022
C240497FRH	1	NA	2019	2022
C240498FRH	2	NA	2019	2022
C240499FRH	1	NA	2019	2022
C240500FRH	2	NA	2019	2022
C240501FRH	2	NA	2019	2022
C240502FRH	1	NA	2019	2022
C240503FRH	2	NA	2019	2022
C240504FRH	2	NA	2019	2022
C240505FRH	2	NA	2019	2022
C240506FRH	1	NA	2019	2022
C240507FRH	2	NA	2019	2022
C240508FRH	1	NA	2019	2022
C240509FRH	2	NA	2019	2022
C240510FRH	1	NA	2019	2022
C240511FRH	1	NA	2019	2022
C240512FRH	2	NA	2019	2022
C240513FRH	1	NA	2019	2022
C240514FRH	2	NA	2019	2022
C240515FRH	2	NA	2019	2022
C240516FRH	2	NA	2019	2022
C240517FRH	2	NA	2019	2022
C240518FRH	2	NA	2019	2022
C240519FRH	1	NA	2019	2022
C240520FRH	2	NA	2019	2022
C240521FRH	1	NA	2019	2022
C240522FRH	1	NA	2019	2022
C240523FRH	1	NA	2019	2022
C240524FRH	2	NA	2019	2022
C240525FRH	2	NA	2019	2022
C240526FRH	2	NA	2019	2022
C240527FRH	1	NA	2019	2022
C240528FRH	2	NA	2019	2022
C240549FRH	2	NA	2019	2022
C240550FRH	2	NA	2019	2022
C240551FRH	1	NA	2019	2022
C240552FRH	2	NA	2019	2022
C240553FRH	1	NA	2019	2022
C240554FRH	1	NA	2019	2022
C240555FRH	2	NA	2019	2022
C240556FRH	2	NA	2019	2022
C240557FRH	1	NA	2019	2022
C240558FRH	1	NA	2019	2022
C240559FRH	1	NA	2019	2022
C240560FRH	2	NA	2019	2022
C240561FRH	1	NA	2019	2022
C240562FRH	1	NA	2019	2022
C240563FRH	2	NA	2019	2022
C240564FRH	1	NA	2019	2022
C240565FRH	2	NA	2019	2022
C240566FRH	1	NA	2019	2022
C240567FRH	1	NA	2019	2022
C240568FRH	1	NA	2019	2022
C240569FRH	1	NA	2019	2022
C240570FRH	1	NA	2019	2022
C240571FRH	1	NA	2019	2022
C240572FRH	2	NA	2019	2022
C240573FRH	2	NA	2019	2022
C240574FRH	2	NA	2019	2022
C240575FRH	2	NA	2019	2022
C240576FRH	2	NA	2019	2022
C240577FRH	1	NA	2019	2022
C240578FRH	2	NA	2019	2022
C240579FRH	1	NA	2019	2022
C240580FRH	1	NA	2019	2022
C240581FRH	2	NA	2019	2022
C240582FRH	2	NA	2019	2022
C240583FRH	1	NA	2019	2022
C240584FRH	1	NA	2019	2022
C240585FRH	1	NA	2019	2022
C240586FRH	1	NA	2019	2022
C240587FRH	2	NA	2019	2022
C240588FRH	2	NA	2019	2022
C240589FRH	2	NA	2019	2022
C240590FRH	1	NA	2019	2022
C240591FRH	1	NA	2019	2022
C240592FRH	2	NA	2019	2022
C240593FRH	2	NA	2019	2022
C240594FRH	1	NA	2019	2022
C240595FRH	2	NA	2019	2022
C240596FRH	2	NA	2019	2022
C240597FRH	1	NA	2019	2022
C240598FRH	1	NA	2019	2022
C240599FRH	1	NA	2019	2022
C240600FRH	1	NA	2019	2022
C240601FRH	2	NA	2019	2022
C240602FRH	1	NA	2019	2022
C240603FRH	1	NA	2019	2022
C240604FRH	2	NA	2019	2022
C240605FRH	1	NA	2019	2022
C240606FRH	2	NA	2019	2022
C240607FRH	2	NA	2019	2022
C240608FRH	2	NA	2019	2022
C240609FRH	2	NA	2019	2022
C240610FRH	1	NA	2019	2022
C240611FRH	2	NA	2019	2022
C240612FRH	2	NA	2019	2022
C240613FRH	2	NA	2019	2022
C240614FRH	2	NA	2019	2022
C240615FRH	1	NA	2019	2022
C240616FRH	1	NA	2019	2022
C240617FRH	1	NA	2019	2022
C240618FRH	1	NA	2019	2022
C240619FRH	2	NA	2019	2022
C240620FRH	1	NA	2019	2022
C240621FRH	2	NA	2019	2022
C240622FRH	1	NA	2019	2022
C240623FRH	1	NA	2019	2022
C240624FRH	2	NA	2019	2022
C240625FRH	1	NA	2019	2022
C240626FRH	2	NA	2019	2022
C240627FRH	1	NA	2019	2022
C240628FRH	2	NA	2019	2022
C240629FRH	2	NA	2019	2022
C240630FRH	2	NA	2019	2022
C240631FRH	2	NA	2019	2022
C240632FRH	1	NA	2019	2022
C240633FRH	2	NA	2019	2022
C240634FRH	1	NA	2019	2022
C240635FRH	2	NA	2019	2022
C240636FRH	2	NA	2019	2022
C240637FRH	2	NA	2019	2022
C240638FRH	2	NA	2019	2022
C240639FRH	2	NA	2019	2022
C240640FRH	2	NA	2019	2022
C240641FRH	2	NA	2019	2022
C240642FRH	2	NA	2019	2022
C240643FRH	1	NA	2019	2022
C240644FRH	2	NA	2019	2022
C240666FRH	1	NA	2019	2022
C240667FRH	1	NA	2019	2022
C240668FRH	2	NA	2019	2022
C240669FRH	1	NA	2019	2022
C240670FRH	1	NA	2019	2022
C240671FRH	2	NA	2019	2022
C240672FRH	2	NA	2019	2022
C240673FRH	2	NA	2019	2022
C240697FRH	2	NA	2019	2022
C240698FRH	1	NA	2019	2022
C240699FRH	2	NA	2019	2022
C240700FRH	1	NA	2019	2022
C240701FRH	1	NA	2019	2022
C240702FRH	2	NA	2019	2022
C240703FRH	1	NA	2019	2022
C240704FRH	2	NA	2019	2022
C240705FRH	1	NA	2019	2022
C240706FRH	1	NA	2019	2022
C240707FRH	1	NA	2019	2022
C240708FRH	1	NA	2019	2022
C240709FRH	2	NA	2019	2022
C240710FRH	2	NA	2019	2022
C240711FRH	2	NA	2019	2022
C240712FRH	1	NA	2019	2022
C240713FRH	2	NA	2019	2022
C240714FRH	1	NA	2019	2022
C240715FRH	1	NA	2019	2022
C240716FRH	1	NA	2019	2022
C240717FRH	1	NA	2019	2022
C240718FRH	2	NA	2019	2022
C240719FRH	2	NA	2019	2022
C240720FRH	2	NA	2019	2022
C240721FRH	2	NA	2019	2022
C240722FRH	2	NA	2019	2022
C240723FRH	2	NA	2019	2022
C240724FRH	1	NA	2019	2022
C240725FRH	2	NA	2019	2022
C240726FRH	1	NA	2019	2022
C240727FRH	2	NA	2019	2022
C240728FRH	2	NA	2019	2022
C240729FRH	1	NA	2019	2022
C240730FRH	2	NA	2019	2022
C240731FRH	2	NA	2019	2022
C240732FRH	1	NA	2019	2022
C240733FRH	2	NA	2019	2022
C240734FRH	1	NA	2019	2022
C240735FRH	1	NA	2019	2022
C240736FRH	1	NA	2019	2022
C240737FRH	2	NA	2019	2022
C240738FRH	2	NA	2019	2022
C240739FRH	1	NA	2019	2022
C240740FRH	1	NA	2019	2022
C240741FRH	1	NA	2019	2022
C240742FRH	2	NA	2019	2022
C240743FRH	1	NA	2019	2022
C240744FRH	2	NA	2019	2022
C240745FRH	1	NA	2019	2022
C240746FRH	1	NA	2019	2022
C240747FRH	2	NA	2019	2022
C240748FRH	2	NA	2019	2022
C240749FRH	1	NA	2019	2022
C240750FRH	1	NA	2019	2022
C240751FRH	2	NA	2019	2022
C240752FRH	2	NA	2019	2022
C240753FRH	1	NA	2019	2022
C240754FRH	2	NA	2019	2022
C240762FRH	1	NA	2019	2022
C240763FRH	2	NA	2019	2022
C240764FRH	1	NA	2019	2022
C240765FRH	2	NA	2019	2022
C240766FRH	2	NA	2019	2022
C240767FRH	1	NA	2019	2022
C240768FRH	1	NA	2019	2022
C240769FRH	1	NA	2019	2022
C240770FRH	2	NA	2019	2022
C240771FRH	1	NA	2019	2022
C240772FRH	2	NA	2019	2022
C240773FRH	2	NA	2019	2022
C240778FRH	2	NA	2019	2022
C240779FRH	2	NA	2019	2022
C240780FRH	1	NA	2019	2022
C240781FRH	1	NA	2019	2022
C240782FRH	1	NA	2019	2022
C240783FRH	2	NA	2019	2022
C240784FRH	1	NA	2019	2022
C240785FRH	2	NA	2019	2022
C240786FRH	1	NA	2019	2022
C240787FRH	2	NA	2019	2022
C240789FRH	1	NA	2019	2022
C240790FRH	2	NA	2019	2022
C240791FRH	1	NA	2019	2022
C240792FRH	2	NA	2019	2022
C240799FRH	2	NA	2019	2022
C240800FRH	1	NA	2019	2022
C240801FRH	1	NA	2019	2022
C240802FRH	2	NA	2019	2022
C240803FRH	2	NA	2019	2022
C240804FRH	1	NA	2019	2022
C240805FRH	2	NA	2019	2022
C240806FRH	1	NA	2019	2022
C240807FRH	2	NA	2019	2022
C240808FRH	1	NA	2019	2022
C240813FRH	2	NA	2019	2022
C240814FRH	1	NA	2019	2022
C240815FRH	2	NA	2019	2022
C240816FRH	1	NA	2019	2022
C240817FRH	1	NA	2019	2022
C240818FRH	1	NA	2019	2022
C240819FRH	2	NA	2019	2022
C240820FRH	2	NA	2019	2022
C240821FRH	1	NA	2019	2022
C240822FRH	2	NA	2019	2022
C240823FRH	2	NA	2019	2022
C240824FRH	1	NA	2019	2022
C240825FRH	2	NA	2019	2022
C240826FRH	1	NA	2019	2022
C240827FRH	1	NA	2019	2022
C240828FRH	2	NA	2019	2022
C240829FRH	2	NA	2019	2022
C240830FRH	2	NA	2019	2022
C240831FRH	2	NA	2019	2022
C240832FRH	1	NA	2019	2022
C240833FRH	2	NA	2019	2022
C240834FRH	2	NA	2019	2022
C240835FRH	1	NA	2019	2022
C240836FRH	1	NA	2019	2022
C240837FRH	1	NA	2019	2022
C240838FRH	1	NA	2019	2022
C240839FRH	2	NA	2019	2022
C240840FRH	1	NA	2019	2022
C240845FRH	2	NA	2019	2022
C240846FRH	1	NA	2019	2022
C240847FRH	1	NA	2019	2022
C240848FRH	1	NA	2019	2022
C240849FRH	2	NA	2019	2022
C240850FRH	2	NA	2019	2022
C240851FRH	2	NA	2019	2022
C240852FRH	1	NA	2019	2022
C240853FRH	1	NA	2019	2022
C240854FRH	2	NA	2019	2022
C240856FRH	2	NA	2019	2022
C240857FRH	2	NA	2019	2022
C240858FRH	2	NA	2019	2022
C240859FRH	1	NA	2019	2022
C240860FRH	1	NA	2019	2022
C240861FRH	2	NA	2019	2022
C240862FRH	1	NA	2019	2022
C240863FRH	2	NA	2019	2022
C240864FRH	1	NA	2019	2022
C240865FRH	1	NA	2019	2022
C240870FRH	2	NA	2019	2022
C240871FRH	1	NA	2019	2022
C240872FRH	2	NA	2019	2022
C240873FRH	1	NA	2019	2022
C240874FRH	2	NA	2019	2022
C240875FRH	1	NA	2019	2022
C240876FRH	2	NA	2019	2022
C240877FRH	2	NA	2019	2022
C240878FRH	1	NA	2019	2022
C240879FRH	1	NA	2019	2022
C240880FRH	1	NA	2019	2022
C240881FRH	2	NA	2019	2022
C240882FRH	2	NA	2019	2022
C240883FRH	1	NA	2019	2022
C240884FRH	2	NA	2019	2022
C240885FRH	1	NA	2019	2022
C240886FRH	2	NA	2019	2022
C240887FRH	1	NA	2019	2022
C240888FRH	2	NA	2019	2022
C240889FRH	1	NA	2019	2022
C240890FRH	1	NA	2019	2022
C240891FRH	2	NA	2019	2022
C240892FRH	2	NA	2019	2022
C240893FRH	2	NA	2019	2022
C240894FRH	1	NA	2019	2022
C240895FRH	1	NA	2019	2022
C240896FRH	2	NA	2019	2022
C240897FRH	1	NA	2019	2022
C240898FRH	2	NA	2019	2022
C240899FRH	1	NA	2019	2022
C240900FRH	2	NA	2019	2022
C240901FRH	1	NA	2019	2022
C240902FRH	2	NA	2019	2022
C240903FRH	1	NA	2019	2022
C240904FRH	2	NA	2019	2022
C240905FRH	1	NA	2019	2022
C240906FRH	1	NA	2019	2022
C240907FRH	2	NA	2019	2022
C240941FRH	2	NA	2019	2022
C240942FRH	1	NA	2019	2022
C240943FRH	2	NA	2019	2022
C240944FRH	1	NA	2019	2022
C240945FRH	2	NA	2019	2022
C240946FRH	2	NA	2019	2022
C240947FRH	1	NA	2019	2022
C240948FRH	2	NA	2019	2022
C240949FRH	2	NA	2019	2022
C240950FRH	1	NA	2019	2022
C240951FRH	1	NA	2019	2022
C240952FRH	1	NA	2019	2022
C240953FRH	2	NA	2019	2022
C240954FRH	1	NA	2019	2022
C240955FRH	1	NA	2019	2022
C240956FRH	2	NA	2019	2022
C240957FRH	2	NA	2019	2022
C240958FRH	2	NA	2019	2022
C240959FRH	1	NA	2019	2022
C240960FRH	2	NA	2019	2022
C240961FRH	2	NA	2019	2022
C240962FRH	2	NA	2019	2022
C240963FRH	2	NA	2019	2022
C240964FRH	2	NA	2019	2022
C240965FRH	1	NA	2019	2022
C240966FRH	2	NA	2019	2022
C240967FRH	1	NA	2019	2022
C240968FRH	1	NA	2019	2022
C240969FRH	1	NA	2019	2022
C240970FRH	1	NA	2019	2022
C240971FRH	1	NA	2019	2022
C240972FRH	1	NA	2019	2022
C240973FRH	2	NA	2019	2022
C240974FRH	1	NA	2019	2022
C240975FRH	1	NA	2019	2022
C240976FRH	2	NA	2019	2022
C240977FRH	2	NA	2019	2022
C240978FRH	1	NA	2019	2022
C240979FRH	1	NA	2019	2022
C240980FRH	1	NA	2019	2022
C240981FRH	1	NA	2019	2022
C240982FRH	2	NA	2019	2022
C240983FRH	1	NA	2019	2022
C240984FRH	2	NA	2019	2022
C240985FRH	1	NA	2019	2022
C240986FRH	2	NA	2019	2022
C240987FRH	1	NA	2019	2022
C240988FRH	2	NA	2019	2022
C240989FRH	2	NA	2019	2022
C240990FRH	1	NA	2019	2022
C240991FRH	2	NA	2019	2022
C240992FRH	1	NA	2019	2022
C240993FRH	2	NA	2019	2022
C240994FRH	2	NA	2019	2022
C240995FRH	1	NA	2019	2022
C240996FRH	2	NA	2019	2022
C240997FRH	2	NA	2019	2022
C240998FRH	1	NA	2019	2022
C240999FRH	2	NA	2019	2022
C241000FRH	2	NA	2019	2022
C241001FRH	2	NA	2019	2022
C241002FRH	2	NA	2019	2022
C241003FRH	2	NA	2019	2022
C241004FRH	1	NA	2019	2022
C241005FRH	1	NA	2019	2022
C241006FRH	2	NA	2019	2022
C241007FRH	1	NA	2019	2022
C241008FRH	1	NA	2019	2022
C241009FRH	1	NA	2019	2022
C241010FRH	1	NA	2019	2022
C241011FRH	1	NA	2019	2022
C241012FRH	2	NA	2019	2022
C241018FRH	2	NA	2019	2022
C241019FRH	2	NA	2019	2022
C241020FRH	1	NA	2019	2022
C241021FRH	1	NA	2019	2022
C241022FRH	1	NA	2019	2022
C241023FRH	2	NA	2019	2022
C241024FRH	2	NA	2019	2022
C241025FRH	1	NA	2019	2022
C241026FRH	2	NA	2019	2022
C241027FRH	1	NA	2019	2022
C241028FRH	2	NA	2019	2022
C241029FRH	1	NA	2019	2022
C241030FRH	2	NA	2019	2022
C241031FRH	1	NA	2019	2022
C241032FRH	1	NA	2019	2022
C241033FRH	2	NA	2019	2022
C241034FRH	2	NA	2019	2022
C241035FRH	2	NA	2019	2022
C241036FRH	1	NA	2019	2022
C241037FRH	2	NA	2019	2022
C241038FRH	1	NA	2019	2022
C241039FRH	2	NA	2019	2022
C241040FRH	1	NA	2019	2022
C241041FRH	1	NA	2019	2022
C241042FRH	2	NA	2019	2022
C241043FRH	2	NA	2019	2022
C241044FRH	2	NA	2019	2022
C241045FRH	1	NA	2019	2022
C241046FRH	1	NA	2019	2022
C241047FRH	1	NA	2019	2022
C241048FRH	1	NA	2019	2022
C241049FRH	1	NA	2019	2022
C241050FRH	2	NA	2019	2022
C241051FRH	2	NA	2019	2022
C241052FRH	1	NA	2019	2022
C241053FRH	1	NA	2019	2022
C241054FRH	2	NA	2019	2022
C241055FRH	2	NA	2019	2022
C241056FRH	1	NA	2019	2022
C241057FRH	1	NA	2019	2022
C241058FRH	2	NA	2019	2022
C241059FRH	2	NA	2019	2022
C241060FRH	1	NA	2019	2022
C241061FRH	2	NA	2019	2022
C241062FRH	2	NA	2019	2022
C241063FRH	1	NA	2019	2022
C241064FRH	1	NA	2019	2022
C241065FRH	1	NA	2019	2022
C241066FRH	2	NA	2019	2022
C241067FRH	2	NA	2019	2022
C241068FRH	2	NA	2019	2022
C241069FRH	2	NA	2019	2022
C241070FRH	2	NA	2019	2022
C241071FRH	1	NA	2019	2022
C241072FRH	1	NA	2019	2022
C241073FRH	1	NA	2019	2022
C241074FRH	2	NA	2019	2022
C241075FRH	1	NA	2019	2022
C241076FRH	1	NA	2019	2022
C241077FRH	2	NA	2019	2022
C241078FRH	1	NA	2019	2022
C241079FRH	2	NA	2019	2022
C241080FRH	2	NA	2019	2022
C241081FRH	1	NA	2019	2022
C241082FRH	1	NA	2019	2022
C241083FRH	2	NA	2019	2022
C241084FRH	1	NA	2019	2022
C241085FRH	2	NA	2019	2022
C241086FRH	2	NA	2019	2022
C241087FRH	1	NA	2019	2022
C241088FRH	2	NA	2019	2022
C241089FRH	1	NA	2019	2022
C241090FRH	2	NA	2019	2022
C241091FRH	2	NA	2019	2022
C241092FRH	1	NA	2019	2022
C241093FRH	1	NA	2019	2022
C241094FRH	1	NA	2019	2022
C241095FRH	1	NA	2019	2022
C241096FRH	2	NA	2019	2022
C241097FRH	1	NA	2019	2022
C241098FRH	1	NA	2019	2022
C241099FRH	2	NA	2019	2022
C241100FRH	1	NA	2019	2022
C241101FRH	1	NA	2019	2022
C241102FRH	1	NA	2019	2022
C241103FRH	2	NA	2019	2022
C241104FRH	1	NA	2019	2022
C241105FRH	1	NA	2019	2022
C241106FRH	2	NA	2019	2022
C241107FRH	2	NA	2019	2022
C241108FRH	1	NA	2019	2022
C241109FRH	1	NA	2019	2022
C241110FRH	2	NA	2019	2022
C241111FRH	2	NA	2019	2022
C241112FRH	1	NA	2019	2022
C241113FRH	2	NA	2019	2022
C241114FRH	1	NA	2019	2022
C241115FRH	2	NA	2019	2022
C241116FRH	1	NA	2019	2022
C241117FRH	1	NA	2019	2022
C241118FRH	2	NA	2019	2022
C241119FRH	1	NA	2019	2022
C241120FRH	2	NA	2019	2022
C241121FRH	1	NA	2019	2022
C241122FRH	1	NA	2019	2022
C241123FRH	2	NA	2019	2022
C241124FRH	1	NA	2019	2022
C241125FRH	1	NA	2019	2022
C241126FRH	1	NA	2019	2022
C241127FRH	1	NA	2019	2022
C241128FRH	2	NA	2019	2022
C241129FRH	2	NA	2019	2022
C241130FRH	1	NA	2019	2022
C241131FRH	1	NA	2019	2022
C241132FRH	2	NA	2019	2022
C241133FRH	2	NA	2019	2022
C241134FRH	1	NA	2019	2022
C241135FRH	1	NA	2019	2022
C241136FRH	2	NA	2019	2022
C241137FRH	1	NA	2019	2022
C241138FRH	1	NA	2019	2022
C241139FRH	2	NA	2019	2022
C241140FRH	1	NA	2019	2022
C241141FRH	1	NA	2019	2022
C241142FRH	1	NA	2019	2022
C241143FRH	2	NA	2019	2022
C241144FRH	1	NA	2019	2022
C241145FRH	1	NA	2019	2022
C241146FRH	1	NA	2019	2022
C241147FRH	2	NA	2019	2022
C241148FRH	2	NA	2019	2022
C241149FRH	1	NA	2019	2022
C241150FRH	2	NA	2019	2022
C241151FRH	1	NA	2019	2022
C241152FRH	1	NA	2019	2022
C241153FRH	2	NA	2019	2022
C241154FRH	2	NA	2019	2022
C241155FRH	2	NA	2019	2022
C241156FRH	2	NA	2019	2022
C241157FRH	1	NA	2019	2022
C241158FRH	2	NA	2019	2022
C241159FRH	2	NA	2019	2022
C241160FRH	2	NA	2019	2022
C241161FRH	2	NA	2019	2022
C241162FRH	2	NA	2019	2022
C241163FRH	2	NA	2019	2022
C241164FRH	2	NA	2019	2022
C241165FRH	2	NA	2019	2022
C241166FRH	1	NA	2019	2022
C241167FRH	1	NA	2019	2022
C241168FRH	2	NA	2019	2022
C241169FRH	1	NA	2019	2022
C241170FRH	1	NA	2019	2022
C241171FRH	1	NA	2019	2022
C241172FRH	2	NA	2019	2022
C241173FRH	2	NA	2019	2022
C241174FRH	2	NA	2019	2022
C241175FRH	2	NA	2019	2022
C241176FRH	2	NA	2019	2022
C241177FRH	1	NA	2019	2022
C241178FRH	1	NA	2019	2022
C241179FRH	2	NA	2019	2022
C241180FRH	2	NA	2019	2022
C241181FRH	2	NA	2019	2022
C241182FRH	1	NA	2019	2022
C241183FRH	2	NA	2019	2022
C241184FRH	2	NA	2019	2022
C241185FRH	2	NA	2019	2022
C241186FRH	2	NA	2019	2022
C241187FRH	2	NA	2019	2022
C241188FRH	2	NA	2019	2022
C241189FRH	1	NA	2019	2022
C241190FRH	1	NA	2019	2022
C241191FRH	1	NA	2019	2022
C241192FRH	1	NA	2019	2022
C241193FRH	1	NA	2019	2022
C241194FRH	1	NA	2019	2022
C241195FRH	1	NA	2019	2022
C241196FRH	1	NA	2019	2022
C241197FRH	1	NA	2019	2022
C241198FRH	1	NA	2019	2022
C241199FRH	1	NA	2019	2022
C241200FRH	1	NA	2019	2022
C241201FRH	1	NA	2019	2022
C241202FRH	1	NA	2019	2022
C241203FRH	2	NA	2019	2022
C241204FRH	1	NA	2019	2022
C241205FRH	2	NA	2019	2022
C241206FRH	1	NA	2019	2022
C241207FRH	1	NA	2019	2022
C241208FRH	1	NA	2019	2022
C241209FRH	2	NA	2019	2022
C241210FRH	1	NA	2019	2022
C241211FRH	1	NA	2019	2022
C241212FRH	1	NA	2019	2022
C241213FRH	2	NA	2019	2022
C241214FRH	2	NA	2019	2022
C241215FRH	1	NA	2019	2022
C241216FRH	1	NA	2019	2022
C241217FRH	1	NA	2019	2022
C241218FRH	1	NA	2019	2022
C241219FRH	2	NA	2019	2022
C241220FRH	1	NA	2019	2022
C241221FRH	2	NA	2019	2022
C241222FRH	1	NA	2019	2022
C241223FRH	2	NA	2019	2022
C241224FRH	2	NA	2019	2022
C241225FRH	2	NA	2019	2022
C241226FRH	2	NA	2019	2022
C241227FRH	2	NA	2019	2022
C241228FRH	2	NA	2019	2022
C241229FRH	2	NA	2019	2022
C241230FRH	1	NA	2019	2022
C241231FRH	1	NA	2019	2022
C241232FRH	1	NA	2019	2022
C241233FRH	1	NA	2019	2022
C241234FRH	1	NA	2019	2022
C241235FRH	1	NA	2019	2022
C241236FRH	1	NA	2019	2022
C241237FRH	1	NA	2019	2022
C241238FRH	2	NA	2019	2022
C241239FRH	1	NA	2019	2022
C241240FRH	2	NA	2019	2022
C241241FRH	2	NA	2019	2022
C241242FRH	1	NA	2019	2022
C241243FRH	1	NA	2019	2022
C241244FRH	2	NA	2019	2022
C241245FRH	2	NA	2019	2022
C241246FRH	1	NA	2019	2022
C241247FRH	2	NA	2019	2022
C241248FRH	2	NA	2019	2022
C241249FRH	1	NA	2019	2022
C241250FRH	2	NA	2019	2022
C241251FRH	2	NA	2019	2022
C241252FRH	1	NA	2019	2022
C241253FRH	2	NA	2019	2022
C241254FRH	2	NA	2019	2022
C241255FRH	2	NA	2019	2022
C241256FRH	2	NA	2019	2022
C241257FRH	1	NA	2019	2022
C241258FRH	2	NA	2019	2022
C241259FRH	1	NA	2019	2022
C241260FRH	1	NA	2019	2022
C241261FRH	2	NA	2019	2022
C241262FRH	2	NA	2019	2022
C241263FRH	2	NA	2019	2022
C241264FRH	2	NA	2019	2022
C241265FRH	2	NA	2019	2022
C241266FRH	2	NA	2019	2022
C241267FRH	1	NA	2019	2022
C241268FRH	2	NA	2019	2022
C241269FRH	2	NA	2019	2022
C241270FRH	1	NA	2019	2022
C241271FRH	1	NA	2019	2022
C241272FRH	2	NA	2019	2022
C241273FRH	2	NA	2019	2022
C241274FRH	2	NA	2019	2022
C241275FRH	1	NA	2019	2022
C241276FRH	2	NA	2019	2022
C241277FRH	2	NA	2019	2022
C241278FRH	2	NA	2019	2022
C241279FRH	1	NA	2019	2022
C241280FRH	2	NA	2019	2022
C241281FRH	2	NA	2019	2022
C241282FRH	2	NA	2019	2022
C241283FRH	2	NA	2019	2022
C241284FRH	2	NA	2019	2022
C241285FRH	2	NA	2019	2022
C241286FRH	2	NA	2019	2022
C241287FRH	1	NA	2019	2022
C241288FRH	1	NA	2019	2022
C241289FRH	2	NA	2019	2022
C241290FRH	1	NA	2019	2022
C241291FRH	1	NA	2019	2022
C241292FRH	2	NA	2019	2022
C241293FRH	2	NA	2019	2022
C241294FRH	1	NA	2019	2022
C241295FRH	1	NA	2019	2022
C241296FRH	1	NA	2019	2022
C241297FRH	2	NA	2019	2022
C241298FRH	2	NA	2019	2022
C241299FRH	1	NA	2019	2022
C241300FRH	2	NA	2019	2022
C241301FRH	2	NA	2019	2022
C241302FRH	2	NA	2019	2022
C241303FRH	1	NA	2019	2022
C241304FRH	1	NA	2019	2022
C241305FRH	1	NA	2019	2022
C241306FRH	2	NA	2019	2022
C241307FRH	2	NA	2019	2022
C241336FRH	2	NA	2019	2022
C241337FRH	2	NA	2019	2022
C241338FRH	1	NA	2019	2022
C241339FRH	2	NA	2019	2022
C241340FRH	2	NA	2019	2022
C241341FRH	1	NA	2019	2022
C241342FRH	2	NA	2019	2022
C241343FRH	1	NA	2019	2022
C241344FRH	2	NA	2019	2022
C241345FRH	1	NA	2019	2022
C241346FRH	1	NA	2019	2022
C241347FRH	1	NA	2019	2022
C241348FRH	2	NA	2019	2022
C241349FRH	1	NA	2019	2022
C241350FRH	1	NA	2019	2022
C241351FRH	1	NA	2019	2022
C241352FRH	1	NA	2019	2022
C241353FRH	1	NA	2019	2022
C241354FRH	1	NA	2019	2022
C241355FRH	1	NA	2019	2022
C241356FRH	1	NA	2019	2022
C241357FRH	1	NA	2019	2022
C241358FRH	1	NA	2019	2022
C241359FRH	2	NA	2019	2022
C241360FRH	2	NA	2019	2022
C241361FRH	1	NA	2019	2022
C241362FRH	2	NA	2019	2022
C241363FRH	2	NA	2019	2022
C241364FRH	2	NA	2019	2022
C241365FRH	2	NA	2019	2022
C241366FRH	2	NA	2019	2022
C241367FRH	2	NA	2019	2022
C241368FRH	1	NA	2019	2022
C241369FRH	1	NA	2019	2022
C241370FRH	2	NA	2019	2022
C241371FRH	1	NA	2019	2022
C241372FRH	1	NA	2019	2022
C241373FRH	1	NA	2019	2022
C241374FRH	2	NA	2019	2022
C241375FRH	1	NA	2019	2022
C241376FRH	2	NA	2019	2022
C241377FRH	1	NA	2019	2022
C241378FRH	2	NA	2019	2022
C241379FRH	1	NA	2019	2022
C241380FRH	1	NA	2019	2022
C241381FRH	2	NA	2019	2022
C241382FRH	2	NA	2019	2022
C241383FRH	2	NA	2019	2022
C241384FRH	1	NA	2019	2022
C241385FRH	1	NA	2019	2022
C241386FRH	1	NA	2019	2022
C241387FRH	2	NA	2019	2022
C241388FRH	2	NA	2019	2022
C241389FRH	2	NA	2019	2022
C241390FRH	2	NA	2019	2022
C241391FRH	2	NA	2019	2022
C241392FRH	2	NA	2019	2022
C241393FRH	2	NA	2019	2022
C241394FRH	1	NA	2019	2022
C241395FRH	1	NA	2019	2022
C241396FRH	1	NA	2019	2022
C241400FRH	1	NA	2019	2022
C241401FRH	1	NA	2019	2022
C241402FRH	1	NA	2019	2022
C241403FRH	1	NA	2019	2022
C241404FRH	1	NA	2019	2022
C241405FRH	2	NA	2019	2022
C241406FRH	1	NA	2019	2022
C241407FRH	1	NA	2019	2022
C241408FRH	1	NA	2019	2022
C241417FRH	1	NA	2019	2022
C241418FRH	1	NA	2019	2022
C241419FRH	1	NA	2019	2022
C241420FRH	2	NA	2019	2022
C241421FRH	1	NA	2019	2022
C241422FRH	2	NA	2019	2022
C241423FRH	2	NA	2019	2022
C241424FRH	2	NA	2019	2022
C241425FRH	2	NA	2019	2022
C241426FRH	1	NA	2019	2022
C241427FRH	1	NA	2019	2022
C241428FRH	2	NA	2019	2022
C241429FRH	2	NA	2019	2022
C241430FRH	2	NA	2019	2022
C241431FRH	1	NA	2019	2022
C241432FRH	2	NA	2019	2022
C241433FRH	2	NA	2019	2022
C241436FRH	2	NA	2019	2022
C241437FRH	2	NA	2019	2022
C241438FRH	1	NA	2019	2022
C241439FRH	1	NA	2019	2022
C241440FRH	1	NA	2019	2022
C241441FRH	1	NA	2019	2022
C241442FRH	2	NA	2019	2022
C241443FRH	1	NA	2019	2022
C241444FRH	1	NA	2019	2022
C241445FRH	2	NA	2019	2022
C241446FRH	1	NA	2019	2022
C241447FRH	2	NA	2019	2022
C241448FRH	2	NA	2019	2022
C241449FRH	1	NA	2019	2022
C241450FRH	1	NA	2019	2022
C241451FRH	2	NA	2019	2022
C241452FRH	1	NA	2019	2022
C241453FRH	1	NA	2019	2022
C241454FRH	1	NA	2019	2022
C241455FRH	1	NA	2019	2022
C241456FRH	1	NA	2019	2022
C241457FRH	2	NA	2019	2022
C241458FRH	1	NA	2019	2022
C241459FRH	1	NA	2019	2022
C241460FRH	2	NA	2019	2022
C241461FRH	1	NA	2019	2022
C241462FRH	1	NA	2019	2022
C241463FRH	2	NA	2019	2022
C241464FRH	1	NA	2019	2022
C241465FRH	1	NA	2019	2022
C241466FRH	1	NA	2019	2022
C241467FRH	2	NA	2019	2022
C241468FRH	2	NA	2019	2022
C241469FRH	2	NA	2019	2022
C241470FRH	1	NA	2019	2022
C241471FRH	2	NA	2019	2022
C241472FRH	1	NA	2019	2022
C241473FRH	1	NA	2019	2022
C241474FRH	2	NA	2019	2022
C241475FRH	2	NA	2019	2022
C241476FRH	2	NA	2019	2022
C241477FRH	1	NA	2019	2022
C241478FRH	2	NA	2019	2022
C241483FRH	2	NA	2019	2022
C241492FRH	1	NA	2019	2022
C241493FRH	2	NA	2019	2022
C241494FRH	2	NA	2019	2022
C241495FRH	1	NA	2019	2022
C241496FRH	2	NA	2019	2022
C241497FRH	2	NA	2019	2022
C241498FRH	2	NA	2019	2022
C241499FRH	2	NA	2019	2022
C241500FRH	2	NA	2019	2022
C241501FRH	2	NA	2019	2022
C241502FRH	2	NA	2019	2022
C241503FRH	2	NA	2019	2022
C241504FRH	2	NA	2019	2022
C241505FRH	2	NA	2019	2022
C241506FRH	2	NA	2019	2022
C241507FRH	2	NA	2019	2022
C241508FRH	2	NA	2019	2022
C241509FRH	2	NA	2019	2022
C241510FRH	2	NA	2019	2022
C241511FRH	2	NA	2019	2022
C241512FRH	2	NA	2019	2022
C241513FRH	2	NA	2019	2022
C241514FRH	2	NA	2019	2022
C241515FRH	2	NA	2019	2022
C241516FRH	2	NA	2019	2022
C241517FRH	2	NA	2019	2022
C241518FRH	2	NA	2019	2022
C241519FRH	2	NA	2019	2022
C241520FRH	2	NA	2019	2022
C241521FRH	1	NA	2019	2022
C241522FRH	1	NA	2019	2022
C241523FRH	2	NA	2019	2022
C241524FRH	2	NA	2019	2022
C241525FRH	2	NA	2019	2022
C241526FRH	2	NA	2019	2022
C241527FRH	2	NA	2019	2022
C241528FRH	1	NA	2019	2022
C241529FRH	2	NA	2019	2022
C241530FRH	2	NA	2019	2022
C241531FRH	2	NA	2019	2022
C241532FRH	2	NA	2019	2022
C241533FRH	2	NA	2019	2022
C241534FRH	2	NA	2019	2022
C241535FRH	2	NA	2019	2022
C241536FRH	2	NA	2019	2022
C241537FRH	2	NA	2019	2022
C241538FRH	2	NA	2019	2022
C241539FRH	2	NA	2019	2022
C241540FRH	2	NA	2019	2022
C241541FRH	2	NA	2019	2022
C241542FRH	2	NA	2019	2022
C241552FRH	1	NA	2019	2022
C241553FRH	1	NA	2019	2022
C241554FRH	1	NA	2019	2022
C241555FRH	1	NA	2019	2022
C241556FRH	1	NA	2019	2022
C241557FRH	1	NA	2019	2022
C241558FRH	1	NA	2019	2022
C241559FRH	1	NA	2019	2022
C241560FRH	1	NA	2019	2022
C241561FRH	1	NA	2019	2022
C241562FRH	1	NA	2019	2022
C241563FRH	1	NA	2019	2022
C241564FRH	1	NA	2019	2022
C241565FRH	1	NA	2019	2022
C241566FRH	1	NA	2019	2022
C241567FRH	1	NA	2019	2022
C241568FRH	1	NA	2019	2022
C241569FRH	1	NA	2019	2022
C241570FRH	1	NA	2019	2022
C241571FRH	1	NA	2019	2022
C241572FRH	1	NA	2019	2022
C241573FRH	1	NA	2019	2022
C241574FRH	1	NA	2019	2022
C241575FRH	1	NA	2019	2022
C241576FRH	1	NA	2019	2022
C241577FRH	1	NA	2019	2022
C241578FRH	1	NA	2019	2022
C241599FRH	2	NA	2019	2022
C241600FRH	1	NA	2019	2022
C241601FRH	2	NA	2019	2022
C241602FRH	1	NA	2019	2022
C241604FRH	2	NA	2019	2022
C241605FRH	1	NA	2019	2022
C241606FRH	1	NA	2019	2022
C241607FRH	1	NA	2019	2022
C241608FRH	2	NA	2019	2022
C241609FRH	2	NA	2019	2022
C241610FRH	2	NA	2019	2022
C241611FRH	1	NA	2019	2022
C241612FRH	2	NA	2019	2022
C241613FRH	1	NA	2019	2022
C241614FRH	2	NA	2019	2022
C241615FRH	2	NA	2019	2022
C241616FRH	2	NA	2019	2022
C241617FRH	1	NA	2019	2022
C241618FRH	1	NA	2019	2022
C241619FRH	1	NA	2019	2022
C241620FRH	2	NA	2019	2022
C241621FRH	2	NA	2019	2022
C241622FRH	2	NA	2019	2022
C241623FRH	1	NA	2019	2022
C241624FRH	1	NA	2019	2022
C241625FRH	1	NA	2019	2022
C241626FRH	2	NA	2019	2022
C241627FRH	1	NA	2019	2022
C241628FRH	1	NA	2019	2022
C241629FRH	1	NA	2019	2022
C241630FRH	2	NA	2019	2022
C241631FRH	2	NA	2019	2022
C241632FRH	1	NA	2019	2022
C241633FRH	1	NA	2019	2022
C241634FRH	1	NA	2019	2022
C241635FRH	1	NA	2019	2022
C241636FRH	2	NA	2019	2022
C241637FRH	2	NA	2019	2022
C241638FRH	2	NA	2019	2022
C241639FRH	1	NA	2019	2022
C241640FRH	2	NA	2019	2022
C241641FRH	2	NA	2019	2022
C241642FRH	1	NA	2019	2022
C241643FRH	2	NA	2019	2022
C241644FRH	1	NA	2019	2022
C241645FRH	1	NA	2019	2022
C241646FRH	2	NA	2019	2022
C241647FRH	1	NA	2019	2022
C241648FRH	2	NA	2019	2022
C241651FRH	2	NA	2019	2022
C241652FRH	2	NA	2019	2022
C241653FRH	1	NA	2019	2022
C241654FRH	2	NA	2019	2022
C241655FRH	1	NA	2019	2022
C241656FRH	1	NA	2019	2022
C241657FRH	2	NA	2019	2022
C241658FRH	1	NA	2019	2022
C241659FRH	1	NA	2019	2022
C241660FRH	1	NA	2019	2022
C241661FRH	2	NA	2019	2022
C241662FRH	2	NA	2019	2022
C241671FRH	2	NA	2019	2022
C241672FRH	1	NA	2019	2022
C241673FRH	2	NA	2019	2022
C241674FRH	1	NA	2019	2022
C241675FRH	2	NA	2019	2022
C241676FRH	1	NA	2019	2022
C241678FRH	1	NA	2019	2022
C241679FRH	2	NA	2019	2022
C241680FRH	2	NA	2019	2022
C241681FRH	1	NA	2019	2022
C241682FRH	1	NA	2019	2022
C241683FRH	2	NA	2019	2022
C241684FRH	1	NA	2019	2022
C241685FRH	2	NA	2019	2022
C241686FRH	2	NA	2019	2022
C241687FRH	1	NA	2019	2022
C241688FRH	1	NA	2019	2022
C241689FRH	1	NA	2019	2022
C241690FRH	2	NA	2019	2022
C241691FRH	2	NA	2019	2022
C241692FRH	1	NA	2019	2022
C241693FRH	2	NA	2019	2022
C241694FRH	2	NA	2019	2022
C241695FRH	1	NA	2019	2022
C241696FRH	2	NA	2019	2022
C241697FRH	1	NA	2019	2022
C241701FRH	2	NA	2019	2022
C241702FRH	1	NA	2019	2022
C241703FRH	2	NA	2019	2022
C241704FRH	2	NA	2019	2022
C241705FRH	2	NA	2019	2022
C241706FRH	1	NA	2019	2022
C241707FRH	1	NA	2019	2022
C241708FRH	1	NA	2019	2022
C241711FRH	1	NA	2019	2022
C241712FRH	2	NA	2019	2022
C241713FRH	2	NA	2019	2022
C241714FRH	1	NA	2019	2022
C241715FRH	1	NA	2019	2022
C241716FRH	2	NA	2019	2022
C241717FRH	1	NA	2019	2022
C241718FRH	1	NA	2019	2022
C241719FRH	1	NA	2019	2022
C241720FRH	2	NA	2019	2022
C241721FRH	2	NA	2019	2022
C241722FRH	2	NA	2019	2022
C241723FRH	1	NA	2019	2022
C241724FRH	2	NA	2019	2022
C241725FRH	2	NA	2019	2022
C241726FRH	1	NA	2019	2022
C241727FRH	2	NA	2019	2022
C241728FRH	2	NA	2019	2022
C241729FRH	1	NA	2019	2022
C241730FRH	1	NA	2019	2022
C241731FRH	1	NA	2019	2022
C241732FRH	2	NA	2019	2022
C241733FRH	2	NA	2019	2022
C241734FRH	1	NA	2019	2022
C241735FRH	2	NA	2019	2022
C241736FRH	1	NA	2019	2022
C241766FRH	2	NA	2019	2022
C241767FRH	1	NA	2019	2022
C241768FRH	1	NA	2019	2022
C241769FRH	1	NA	2019	2022
C241770FRH	1	NA	2019	2022
C241771FRH	1	NA	2019	2022
C241772FRH	1	NA	2019	2022
C241773FRH	1	NA	2019	2022
C241774FRH	1	NA	2019	2022
C241775FRH	1	NA	2019	2022
C241776FRH	1	NA	2019	2022
C241777FRH	1	NA	2019	2022
C241778FRH	1	NA	2019	2022
C241779FRH	1	NA	2019	2022
C241780FRH	1	NA	2019	2022
C241781FRH	1	NA	2019	2022
C241782FRH	2	NA	2019	2022
C241783FRH	1	NA	2019	2022
C241784FRH	1	NA	2019	2022
C241785FRH	2	NA	2019	2022
C241786FRH	1	NA	2019	2022
C241787FRH	2	NA	2019	2022
C241788FRH	2	NA	2019	2022
C241789FRH	1	NA	2019	2022
C241790FRH	1	NA	2019	2022
C241791FRH	1	NA	2019	2022
C241792FRH	1	NA	2019	2022
C241794FRH	2	NA	2019	2022
C241795FRH	2	NA	2019	2022
C241796FRH	2	NA	2019	2022
C241797FRH	2	NA	2019	2022
C241798FRH	1	NA	2019	2022
C241799FRH	2	NA	2019	2022
C241800FRH	2	NA	2019	2022
C241801FRH	2	NA	2019	2022
C241802FRH	1	NA	2019	2022
C241803FRH	2	NA	2019	2022
C241804FRH	1	NA	2019	2022
C241805FRH	1	NA	2019	2022
C241807FRH	2	NA	2019	2022
C241808FRH	2	NA	2019	2022
C241809FRH	2	NA	2019	2022
C241810FRH	1	NA	2019	2022
C241811FRH	2	NA	2019	2022
C241812FRH	1	NA	2019	2022
C241813FRH	1	NA	2019	2022
C241814FRH	1	NA	2019	2022
C241815FRH	1	NA	2019	2022
C241816FRH	1	NA	2019	2022
C241817FRH	2	NA	2019	2022
C241818FRH	2	NA	2019	2022
C241819FRH	1	NA	2019	2022
C241820FRH	2	NA	2019	2022
C241821FRH	1	NA	2019	2022
C241822FRH	2	NA	2019	2022
C241823FRH	1	NA	2019	2022
C241824FRH	1	NA	2019	2022
C241825FRH	2	NA	2019	2022
C241826FRH	1	NA	2019	2022
C241827FRH	1	NA	2019	2022
C241844FRH	2	NA	2019	2022
C241845FRH	2	NA	2019	2022
C241846FRH	2	NA	2019	2022
C241847FRH	2	NA	2019	2022
C241848FRH	1	NA	2019	2022
C241849FRH	1	NA	2019	2022
C241851FRH	1	NA	2019	2022
C241852FRH	2	NA	2019	2022
C241853FRH	1	NA	2019	2022
C241854FRH	2	NA	2019	2022
C241855FRH	1	NA	2019	2022
C241856FRH	1	NA	2019	2022
C241857FRH	1	NA	2019	2022
C241858FRH	2	NA	2019	2022
C241859FRH	2	NA	2019	2022
C241860FRH	1	NA	2019	2022
C241861FRH	1	NA	2019	2022
C241862FRH	1	NA	2019	2022
C241863FRH	1	NA	2019	2022
C241864FRH	1	NA	2019	2022
C241865FRH	1	NA	2019	2022
C241866FRH	1	NA	2019	2022
C241867FRH	1	NA	2019	2022
C241868FRH	2	NA	2019	2022
C241889FRH	2	NA	2019	2022
C241890FRH	2	NA	2019	2022
C241891FRH	1	NA	2019	2022
C241892FRH	1	NA	2019	2022
C241893FRH	1	NA	2019	2022
C241894FRH	2	NA	2019	2022
C241895FRH	2	NA	2019	2022
C241896FRH	2	NA	2019	2022
C241897FRH	1	NA	2019	2022
C241898FRH	2	NA	2019	2022
C241899FRH	1	NA	2019	2022
C241900FRH	2	NA	2019	2022
C241901FRH	2	NA	2019	2022
C241902FRH	1	NA	2019	2022
C241903FRH	1	NA	2019	2022
C241904FRH	1	NA	2019	2022
C241905FRH	2	NA	2019	2022
C241906FRH	1	NA	2019	2022
C241907FRH	2	NA	2019	2022
C241909FRH	1	NA	2019	2022
C241910FRH	1	NA	2019	2022
C241911FRH	1	NA	2019	2022
C241913FRH	1	NA	2019	2022
C241914FRH	2	NA	2019	2022
C241915FRH	2	NA	2019	2022
C241916FRH	2	NA	2019	2022
C241917FRH	1	NA	2019	2022
C241918FRH	1	NA	2019	2022
C241919FRH	1	NA	2019	2022
C241920FRH	1	NA	2019	2022
C241921FRH	1	NA	2019	2022
C241922FRH	1	NA	2019	2022
C241924FRH	1	NA	2019	2022
C241925FRH	2	NA	2019	2022
C241926FRH	1	NA	2019	2022
C241927FRH	1	NA	2019	2022
C241928FRH	1	NA	2019	2022
C241929FRH	2	NA	2019	2022
C241930FRH	2	NA	2019	2022
C241931FRH	2	NA	2019	2022
C241932FRH	2	NA	2019	2022
C241933FRH	1	NA	2019	2022
C241934FRH	2	NA	2019	2022
C241935FRH	1	NA	2019	2022
C241936FRH	1	NA	2019	2022
C241937FRH	1	NA	2019	2022
C241938FRH	2	NA	2019	2022
C241939FRH	1	NA	2019	2022
C241940FRH	1	NA	2019	2022
C241941FRH	2	NA	2019	2022
C241942FRH	2	NA	2019	2022
C241943FRH	2	NA	2019	2022
C241944FRH	2	NA	2019	2022
C241945FRH	1	NA	2019	2022
C241946FRH	1	NA	2019	2022
C241947FRH	1	NA	2019	2022
C241948FRH	2	NA	2019	2022
C241949FRH	2	NA	2019	2022
C241951FRH	1	NA	2019	2022
C241952FRH	2	NA	2019	2022
C241953FRH	2	NA	2019	2022
C241954FRH	2	NA	2019	2022
C241955FRH	2	NA	2019	2022
C241956FRH	2	NA	2019	2022
C241957FRH	2	NA	2019	2022
C241959FRH	2	NA	2019	2022
C241960FRH	2	NA	2019	2022
C241962FRH	2	NA	2019	2022
C241963FRH	2	NA	2019	2022
C241964FRH	2	NA	2019	2022
C241965FRH	2	NA	2019	2022
C241966FRH	2	NA	2019	2022
C241967FRH	2	NA	2019	2022
C241968FRH	2	NA	2019	2022
C241969FRH	2	NA	2019	2022
C241970FRH	2	NA	2019	2022
C241971FRH	2	NA	2019	2022
C241972FRH	2	NA	2019	2022
C241973FRH	2	NA	2019	2022
C241974FRH	2	NA	2019	2022
C241975FRH	2	NA	2019	2022
C241976FRH	2	NA	2019	2022
C241977FRH	2	NA	2019	2022
C241978FRH	2	NA	2019	2022
C241979FRH	1	NA	2019	2022
C241980FRH	2	NA	2019	2022
C241981FRH	1	NA	2019	2022
C241982FRH	2	NA	2019	2022
C241983FRH	1	NA	2019	2022
C241984FRH	2	NA	2019	2022
C241985FRH	2	NA	2019	2022
C241986FRH	2	NA	2019	2022
C241987FRH	1	NA	2019	2022
C241988FRH	1	NA	2019	2022
C241989FRH	1	NA	2019	2022
C241990FRH	1	NA	2019	2022
C241991FRH	2	NA	2019	2022
C241992FRH	2	NA	2019	2022
C241993FRH	2	NA	2019	2022
C241994FRH	2	NA	2019	2022
C241995FRH	1	NA	2019	2022
C241996FRH	1	NA	2019	2022
C241997FRH	1	NA	2019	2022
C241998FRH	2	NA	2019	2022
C241999FRH	1	NA	2019	2022
C242000FRH	1	NA	2019	2022
C242001FRH	2	NA	2019	2022
C242002FRH	1	NA	2019	2022
C242003FRH	2	NA	2019	2022
C242004FRH	2	NA	2019	2022
C242005FRH	1	NA	2019	2022
C242006FRH	1	NA	2019	2022
C242007FRH	1	NA	2019	2022
C242008FRH	1	NA	2019	2022
C242009FRH	1	NA	2019	2022
C242010FRH	1	NA	2019	2022
C242011FRH	2	NA	2019	2022
C242012FRH	1	NA	2019	2022
C242013FRH	1	NA	2019	2022
C242014FRH	2	NA	2019	2022
C242015FRH	1	NA	2019	2022
C242016FRH	2	NA	2019	2022
C242017FRH	2	NA	2019	2022
C242018FRH	1	NA	2019	2022
C242019FRH	2	NA	2019	2022
C242020FRH	2	NA	2019	2022
C242021FRH	2	NA	2019	2022
C242022FRH	1	NA	2019	2022
C242023FRH	2	NA	2019	2022
C242024FRH	2	NA	2019	2022
C242025FRH	2	NA	2019	2022
C242026FRH	1	NA	2019	2022
C242027FRH	2	NA	2019	2022
C242028FRH	1	NA	2019	2022
C242029FRH	2	NA	2019	2022
C242030FRH	1	NA	2019	2022
C242031FRH	2	NA	2019	2022
C242032FRH	2	NA	2019	2022
C242033FRH	1	NA	2019	2022
C242034FRH	2	NA	2019	2022
C242035FRH	1	NA	2019	2022
C242037FRH	1	NA	2019	2022
C242038FRH	1	NA	2019	2022
C242039FRH	2	NA	2019	2022
C242040FRH	2	NA	2019	2022
C242041FRH	2	NA	2019	2022
C242042FRH	2	NA	2019	2022
C242043FRH	2	NA	2019	2022
C242044FRH	1	NA	2019	2022
C242064FRH	2	NA	2019	2022
C242065FRH	1	NA	2019	2022
C242066FRH	1	NA	2019	2022
C242067FRH	2	NA	2019	2022
C242068FRH	1	NA	2019	2022
C242069FRH	2	NA	2019	2022
C242070FRH	1	NA	2019	2022
C242071FRH	2	NA	2019	2022
C242073FRH	1	NA	2019	2022
C242074FRH	2	NA	2019	2022
C242075FRH	1	NA	2019	2022
C242076FRH	2	NA	2019	2022
C242077FRH	1	NA	2019	2022
C242078FRH	1	NA	2019	2022
C242079FRH	2	NA	2019	2022
C242080FRH	2	NA	2019	2022
C242081FRH	1	NA	2019	2022
C242082FRH	2	NA	2019	2022
C242083FRH	1	NA	2019	2022
C242084FRH	1	NA	2019	2022
C242085FRH	2	NA	2019	2022
C242086FRH	2	NA	2019	2022
C242087FRH	1	NA	2019	2022
C242088FRH	1	NA	2019	2022
C242089FRH	2	NA	2019	2022
C242090FRH	2	NA	2019	2022
C242092FRH	1	NA	2019	2022
C242093FRH	2	NA	2019	2022
C242094FRH	1	NA	2019	2022
C242095FRH	2	NA	2019	2022
C242096FRH	1	NA	2019	2022
C242097FRH	1	NA	2019	2022
C242098FRH	2	NA	2019	2022
C242099FRH	2	NA	2019	2022
C242100FRH	2	NA	2019	2022
C242101FRH	2	NA	2019	2022
C242102FRH	1	NA	2019	2022
C242103FRH	1	NA	2019	2022
C242104FRH	1	NA	2019	2022
C242105FRH	1	NA	2019	2022
C242106FRH	2	NA	2019	2022
C242107FRH	2	NA	2019	2022
C242108FRH	1	NA	2019	2022
C242109FRH	1	NA	2019	2022
C242111FRH	2	NA	2019	2022
C242112FRH	2	NA	2019	2022
C242113FRH	2	NA	2019	2022
C242115FRH	1	NA	2019	2022
C242116FRH	1	NA	2019	2022
C242117FRH	1	NA	2019	2022
C242119FRH	1	NA	2019	2022
C242120FRH	2	NA	2019	2022
C242121FRH	1	NA	2019	2022
C242122FRH	2	NA	2019	2022
C242123FRH	2	NA	2019	2022
C242124FRH	1	NA	2019	2022
C242125FRH	2	NA	2019	2022
C242126FRH	1	NA	2019	2022
C242127FRH	1	NA	2019	2022
C242128FRH	2	NA	2019	2022
C242129FRH	2	NA	2019	2022
C242130FRH	2	NA	2019	2022
C242131FRH	1	NA	2019	2022
C242132FRH	1	NA	2019	2022
C242133FRH	1	NA	2019	2022
C242134FRH	2	NA	2019	2022
C242135FRH	2	NA	2019	2022
C242136FRH	2	NA	2019	2022
C242137FRH	2	NA	2019	2022
C242138FRH	2	NA	2019	2022
C242139FRH	2	NA	2019	2022
C242140FRH	1	NA	2019	2022
C242141FRH	1	NA	2019	2022
C242142FRH	1	NA	2019	2022
C242143FRH	1	NA	2019	2022
C242144FRH	1	NA	2019	2022
C242145FRH	1	NA	2019	2022
C242146FRH	1	NA	2019	2022
C242147FRH	1	NA	2019	2022
C242148FRH	1	NA	2019	2022
C242150FRH	1	NA	2019	2022
C242151FRH	1	NA	2019	2022
C242152FRH	1	NA	2019	2022
C242153FRH	1	NA	2019	2022
C242154FRH	2	NA	2019	2022
C242155FRH	2	NA	2019	2022
C242156FRH	2	NA	2019	2022
C242157FRH	2	NA	2019	2022
C242158FRH	2	NA	2019	2022
C242159FRH	2	NA	2019	2022
C242160FRH	2	NA	2019	2022
C242161FRH	2	NA	2019	2022
C242162FRH	2	NA	2019	2022
C242163FRH	2	NA	2019	2022
C242164FRH	2	NA	2019	2022
C242165FRH	2	NA	2019	2022
C242166FRH	2	NA	2019	2022
C242167FRH	2	NA	2019	2022
C242168FRH	2	NA	2019	2022
C242169FRH	2	NA	2019	2022
C242170FRH	1	NA	2019	2022
C242171FRH	1	NA	2019	2022
C242172FRH	1	NA	2019	2022
C242173FRH	1	NA	2019	2022
C242174FRH	1	NA	2019	2022
C242175FRH	1	NA	2019	2022
C242176FRH	1	NA	2019	2022
C242177FRH	1	NA	2019	2022
C242178FRH	1	NA	2019	2022
C242179FRH	1	NA	2019	2022
C242180FRH	1	NA	2019	2022
C242181FRH	1	NA	2019	2022
C242182FRH	1	NA	2019	2022
C242183FRH	2	NA	2019	2022
C242184FRH	2	NA	2019	2022
C242185FRH	2	NA	2019	2022
C242186FRH	1	NA	2019	2022
C242187FRH	1	NA	2019	2022
C242188FRH	1	NA	2019	2022
C242189FRH	2	NA	2019	2022
C242190FRH	2	NA	2019	2022
C242191FRH	1	NA	2019	2022
C242192FRH	2	NA	2019	2022
C242193FRH	1	NA	2019	2022
C242194FRH	1	NA	2019	2022
C242195FRH	2	NA	2019	2022
C242196FRH	1	NA	2019	2022
C242197FRH	1	NA	2019	2022
C242198FRH	2	NA	2019	2022
C242199FRH	1	NA	2019	2022
C242200FRH	2	NA	2019	2022
C242201FRH	1	NA	2019	2022
C242202FRH	2	NA	2019	2022
C242203FRH	2	NA	2019	2022
C242204FRH	2	NA	2019	2022
C242205FRH	2	NA	2019	2022
C242206FRH	2	NA	2019	2022
C242208FRH	2	NA	2019	2022
C242209FRH	2	NA	2019	2022
C242210FRH	2	NA	2019	2022
C242211FRH	1	NA	2019	2022
C242212FRH	2	NA	2019	2022
C242213FRH	2	NA	2019	2022
C242214FRH	1	NA	2019	2022
C242215FRH	1	NA	2019	2022
C242216FRH	1	NA	2019	2022
C242217FRH	1	NA	2019	2022
C242218FRH	1	NA	2019	2022
C242219FRH	2	NA	2019	2022
C242220FRH	2	NA	2019	2022
C242221FRH	2	NA	2019	2022
C242222FRH	2	NA	2019	2022
C242223FRH	2	NA	2019	2022
C242224FRH	2	NA	2019	2022
C242225FRH	1	NA	2019	2022
C242226FRH	1	NA	2019	2022
C242227FRH	1	NA	2019	2022
C242228FRH	1	NA	2019	2022
C242229FRH	2	NA	2019	2022
C242230FRH	1	NA	2019	2022
C242231FRH	1	NA	2019	2022
C242232FRH	1	NA	2019	2022
C242233FRH	1	NA	2019	2022
C242234FRH	1	NA	2019	2022
C242235FRH	1	NA	2019	2022
C242236FRH	2	NA	2019	2022
C242237FRH	2	NA	2019	2022
C242238FRH	1	NA	2019	2022
C242239FRH	1	NA	2019	2022
C242240FRH	2	NA	2019	2022
C242241FRH	2	NA	2019	2022
C242242FRH	2	NA	2019	2022
C242243FRH	2	NA	2019	2022
C242244FRH	1	NA	2019	2022
C242245FRH	2	NA	2019	2022
C242246FRH	2	NA	2019	2022
C242247FRH	1	NA	2019	2022
C242248FRH	2	NA	2019	2022
C242249FRH	2	NA	2019	2022
C242250FRH	2	NA	2019	2022
C242251FRH	1	NA	2019	2022
C242252FRH	1	NA	2019	2022
C242253FRH	1	NA	2019	2022
C242254FRH	1	NA	2019	2022
C242255FRH	2	NA	2019	2022
C242256FRH	1	NA	2019	2022
C242257FRH	1	NA	2019	2022
C242258FRH	1	NA	2019	2022
C242259FRH	2	NA	2019	2022
C242260FRH	2	NA	2019	2022
C242261FRH	2	NA	2019	2022
C242262FRH	2	NA	2019	2022
C242264FRH	2	NA	2019	2022
C242265FRH	1	NA	2019	2022
C242266FRH	1	NA	2019	2022
C242267FRH	2	NA	2019	2022
C242268FRH	2	NA	2019	2022
C242271FRH	1	NA	2019	2022
C242272FRH	2	NA	2019	2022
C242273FRH	2	NA	2019	2022
C242274FRH	1	NA	2019	2022
C242275FRH	1	NA	2019	2022
C242276FRH	1	NA	2019	2022
C242277FRH	1	NA	2019	2022
C242278FRH	1	NA	2019	2022
C242279FRH	2	NA	2019	2022
C242280FRH	1	NA	2019	2022
C242281FRH	2	NA	2019	2022
C242282FRH	2	NA	2019	2022
C242283FRH	1	NA	2019	2022
C242284FRH	2	NA	2019	2022
C242285FRH	2	NA	2019	2022
C242286FRH	1	NA	2019	2022
C242287FRH	2	NA	2019	2022
C242288FRH	2	NA	2019	2022
C242290FRH	1	NA	2019	2022
C242291FRH	2	NA	2019	2022
C242292FRH	1	NA	2019	2022
C242293FRH	2	NA	2019	2022
C242294FRH	1	NA	2019	2022
C242295FRH	1	NA	2019	2022
C242296FRH	1	NA	2019	2022
C242297FRH	1	NA	2019	2022
C242298FRH	1	NA	2019	2022
C242300FRH	2	NA	2019	2022
C242301FRH	1	NA	2019	2022
C242302FRH	2	NA	2019	2022
C242303FRH	1	NA	2019	2022
C242363FRH	2	NA	2019	2022
C242364FRH	2	NA	2019	2022
C242532FRH	2	NA	2019	2022
C242533FRH	1	NA	2019	2022
C242534FRH	1	NA	2019	2022
C242535FRH	2	NA	2019	2022
C242536FRH	2	NA	2019	2022
C242537FRH	1	NA	2019	2022
C242538FRH	2	NA	2019	2022
C242539FRH	1	NA	2019	2022
C242540FRH	1	NA	2019	2022
C242543FRH	2	NA	2019	2022
C242544FRH	1	NA	2019	2022
C242546FRH	1	NA	2019	2022
C242547FRH	1	NA	2019	2022
C242548FRH	2	NA	2019	2022
C242549FRH	2	NA	2019	2022
C242550FRH	2	NA	2019	2022
C242551FRH	1	NA	2019	2022
C242552FRH	2	NA	2019	2022
C242553FRH	2	NA	2019	2022
C242554FRH	1	NA	2019	2022
C242555FRH	1	NA	2019	2022
C242557FRH	1	NA	2019	2022
C242558FRH	2	NA	2019	2022
C242559FRH	1	NA	2019	2022
C242560FRH	1	NA	2019	2022
C242561FRH	1	NA	2019	2022
C242562FRH	1	NA	2019	2022
C242563FRH	2	NA	2019	2022
C242564FRH	2	NA	2019	2022
C242565FRH	1	NA	2019	2022
C242566FRH	2	NA	2019	2022
C242567FRH	2	NA	2019	2022
C242568FRH	2	NA	2019	2022
C242573FRH	2	NA	2019	2022
C242574FRH	1	NA	2019	2022
C242575FRH	1	NA	2019	2022
C242576FRH	1	NA	2019	2022
C242577FRH	1	NA	2019	2022
C242578FRH	1	NA	2019	2022
C242579FRH	2	NA	2019	2022
C242580FRH	2	NA	2019	2022
C242581FRH	1	NA	2019	2022
C242582FRH	1	NA	2019	2022
C242583FRH	2	NA	2019	2022
C242585FRH	2	NA	2019	2022
C242586FRH	1	NA	2019	2022
C242587FRH	2	NA	2019	2022
C242588FRH	1	NA	2019	2022
C242589FRH	2	NA	2019	2022
C242590FRH	1	NA	2019	2022
C242591FRH	1	NA	2019	2022
C242592FRH	2	NA	2019	2022
C242593FRH	2	NA	2019	2022
C242594FRH	1	NA	2019	2022
C242595FRH	2	NA	2019	2022
C242596FRH	2	NA	2019	2022
C242597FRH	1	NA	2019	2022
C242598FRH	1	NA	2019	2022
C242599FRH	2	NA	2019	2022
C242600FRH	1	NA	2019	2022
C242601FRH	2	NA	2019	2022
C242602FRH	1	NA	2019	2022
C242603FRH	2	NA	2019	2022
C242604FRH	2	NA	2019	2022
C242605FRH	1	NA	2019	2022
C242606FRH	1	NA	2019	2022
C242607FRH	1	NA	2019	2022
C242609FRH	1	NA	2019	2022
C242610FRH	1	NA	2019	2022
C242611FRH	1	NA	2019	2022
C242612FRH	2	NA	2019	2022
C242613FRH	2	NA	2019	2022
C242614FRH	1	NA	2019	2022
C242615FRH	1	NA	2019	2022
C242616FRH	2	NA	2019	2022
C242620FRH	1	NA	2019	2022
C242621FRH	1	NA	2019	2022
C242622FRH	2	NA	2019	2022
C242623FRH	2	NA	2019	2022
C242624FRH	1	NA	2019	2022
C242626FRH	2	NA	2019	2022
C242627FRH	1	NA	2019	2022
C242628FRH	2	NA	2019	2022
C242629FRH	2	NA	2019	2022
C242630FRH	1	NA	2019	2022
C242631FRH	2	NA	2019	2022
C242632FRH	1	NA	2019	2022
C242633FRH	1	NA	2019	2022
C242634FRH	1	NA	2019	2022
C242635FRH	2	NA	2019	2022
C242636FRH	1	NA	2019	2022
C242637FRH	2	NA	2019	2022
C242638FRH	1	NA	2019	2022
C242639FRH	2	NA	2019	2022
C242640FRH	1	NA	2019	2022
C242641FRH	2	NA	2019	2022
C242642FRH	1	NA	2019	2022
C242643FRH	1	NA	2019	2022
C242644FRH	2	NA	2019	2022
C242645FRH	1	NA	2019	2022
C242646FRH	2	NA	2019	2022
C242647FRH	1	NA	2019	2022
C242648FRH	1	NA	2019	2022
C242649FRH	1	NA	2019	2022
C242650FRH	1	NA	2019	2022
C242651FRH	2	NA	2019	2022
C242652FRH	2	NA	2019	2022
C242653FRH	2	NA	2019	2022
C242655FRH	2	NA	2019	2022
C242656FRH	1	NA	2019	2022
C242658FRH	1	NA	2019	2022
C242659FRH	1	NA	2019	2022
C242660FRH	1	NA	2019	2022
C242661FRH	1	NA	2019	2022
C242662FRH	1	NA	2019	2022
C242663FRH	1	NA	2019	2022
C242664FRH	1	NA	2019	2022
C242665FRH	1	NA	2019	2022
C242666FRH	2	NA	2019	2022
C242667FRH	2	NA	2019	2022
C242668FRH	2	NA	2019	2022
C242669FRH	2	NA	2019	2022
C242670FRH	1	NA	2019	2022
C242671FRH	1	NA	2019	2022
C242672FRH	1	NA	2019	2022
C242673FRH	1	NA	2019	2022
C242674FRH	1	NA	2019	2022
C242675FRH	1	NA	2019	2022
C242676FRH	1	NA	2019	2022
C242679FRH	2	NA	2019	2022
C242681FRH	2	NA	2019	2022
C242682FRH	2	NA	2019	2022
C242683FRH	2	NA	2019	2022
C242684FRH	2	NA	2019	2022
C242685FRH	2	NA	2019	2022
C242686FRH	2	NA	2019	2022
C242687FRH	2	NA	2019	2022
C242688FRH	2	NA	2019	2022
C242689FRH	2	NA	2019	2022
C242690FRH	2	NA	2019	2022
C242691FRH	2	NA	2019	2022
C242692FRH	2	NA	2019	2022
C242693FRH	2	NA	2019	2022
C242694FRH	2	NA	2019	2022
C242695FRH	1	NA	2019	2022
C242696FRH	1	NA	2019	2022
C242697FRH	1	NA	2019	2022
C242698FRH	1	NA	2019	2022
C242699FRH	1	NA	2019	2022
C242700FRH	1	NA	2019	2022
C242701FRH	1	NA	2019	2022
C242702FRH	1	NA	2019	2022
C242703FRH	1	NA	2019	2022
C242704FRH	1	NA	2019	2022
C242705FRH	1	NA	2019	2022
C242706FRH	1	NA	2019	2022
C242707FRH	1	NA	2019	2022
C242708FRH	1	NA	2019	2022
C242709FRH	1	NA	2019	2022
C242710FRH	1	NA	2019	2022
C242711FRH	2	NA	2019	2022
C242712FRH	2	NA	2019	2022
C242713FRH	2	NA	2019	2022
C242714FRH	2	NA	2019	2022
C242715FRH	1	NA	2019	2022
C242716FRH	2	NA	2019	2022
C242717FRH	2	NA	2019	2022
C242718FRH	2	NA	2019	2022
C242719FRH	2	NA	2019	2022
C242720FRH	2	NA	2019	2022
C242721FRH	2	NA	2019	2022
C242722FRH	2	NA	2019	2022
C242724FRH	2	NA	2019	2022
C242725FRH	2	NA	2019	2022
C242726FRH	2	NA	2019	2022
C242727FRH	2	NA	2019	2022
C242728FRH	2	NA	2019	2022
C242729FRH	2	NA	2019	2022
C242734FRH	2	NA	2019	2022
C242735FRH	2	NA	2019	2022
C242736FRH	2	NA	2019	2022
C242737FRH	2	NA	2019	2022
C242738FRH	2	NA	2019	2022
C242741FRH	1	NA	2019	2022
C242742FRH	1	NA	2019	2022
C242743FRH	1	NA	2019	2022
C242744FRH	1	NA	2019	2022
C242745FRH	1	NA	2019	2022
C242746FRH	1	NA	2019	2022
C242747FRH	1	NA	2019	2022
C242748FRH	2	NA	2019	2022
C242750FRH	2	NA	2019	2022
C242764FRH	1	NA	2019	2022
C242765FRH	2	NA	2019	2022
C240664FRH	3	NA	2019	2022
