NC_037124.1:12267397-12267697	NC_037124.1:12270118-12270418	NC_037124.1:12272852-12273152	NC_037124.1:12277401-12277701_Tasha-SNP-1	NC_037124.1:12279142-12279478	NC_037124.1:12281207-12281551	NC_037124.1:12310649-12310949_Tasha-SNP-2
C120004MRH	1	1	1	1	1	1	1	1	1	1	1	1	1	1	1	1
C120016MRH	1	1	1	1	1	1	1	1	1	1	1	1	1	1	1	1
C120025MRH	1	1	1	1	1	1	1	1	1	1	1	1	1	1	1	1
C120032MRH	1	1	1	1	1	1	1	1	1	1	1	1	1	1	1	1
C120035MRH	1	1	1	1	1	1	1	1	1	1	1	1	1	1	1	1
C120041MRH	1	1	1	1	1	1	1	1	1	1	1	1	1	1	1	1
C120043MRH	1	1	1	1	1	1	1	1	1	1	1	1	1	1	1	1
C120055MRH	1	1	1	1	1	1	1	1	1	1	1	1	1	1	1	1
C120056MRH	1	1	1	1	1	1	1	1	1	1	1	1	1	1	1	1
C121675FRH	1	1	1	1	1	1	1	1	1	1	1	1	1	1	1	1
F000003NIM	1	1	1	1	1	1	1	1	1	1	1	1	1	1	1	1
F000009NIM	1	1	-9	-9	1	1	1	1	1	1	1	1	-9	-9	1	1
F000022NIM	1	1	1	1	1	1	1	1	1	1	1	1	1	1	1	1
F000027MRH	1	1	1	1	1	1	1	1	1	1	1	1	1	1	1	1
F000027NIM	1	1	1	1	1	1	1	1	1	1	1	1	1	1	1	1
F000028MRH	1	1	1	1	1	1	1	1	1	1	1	1	1	1	1	1
F000036NIM	1	1	1	1	1	1	1	1	1	1	1	1	1	1	1	1
F000042NIM	1	1	1	1	1	1	1	1	1	1	1	1	1	1	1	1
F000056NIM	1	1	1	1	1	1	1	1	1	1	1	1	1	1	1	1
F000059MRH	1	1	1	1	1	1	1	1	1	1	1	1	1	1	1	1
F000060NIM	1	1	1	1	1	1	1	1	1	1	1	1	1	1	1	1
F000061MRH	1	1	1	1	1	1	1	1	1	1	1	1	-9	-9	1	1
F000063MRH	1	1	-9	-9	1	1	1	1	1	1	1	1	-9	-9	1	1
F000064MRH	1	1	2	1	1	2	1	2	2	1	1	2	-9	-9	1	1
F000112MRH	1	1	-9	-9	-9	-9	-9	-9	-9	-9	-9	-9	-9	-9	-9	-9
F000120MRH	1	1	-9	-9	1	1	1	1	1	1	1	1	-9	-9	1	1
F000168MRH	1	1	-9	-9	-9	-9	-9	-9	-9	-9	-9	-9	-9	-9	-9	-9
F000193MRH	1	1	1	1	1	1	1	1	1	1	1	1	1	1	1	1
F000255MRH	1	1	1	1	1	1	1	1	1	1	1	1	1	1	1	1
F010013MRH	1	1	1	1	1	1	1	1	1	1	1	1	1	1	1	1
F010048MRH	1	1	-9	-9	1	1	1	1	1	1	1	1	-9	-9	1	1
F010096MRH	1	1	1	1	1	1	1	1	1	1	1	1	1	1	1	1
F010142MRH	1	1	1	1	1	1	1	1	1	1	1	1	1	1	1	1
F010176MRH	1	1	1	1	1	1	1	1	1	1	1	1	1	1	1	1
F010195MRH	1	1	1	1	1	1	1	1	1	1	1	1	1	1	1	1
F010207MRH	1	1	1	1	1	1	1	1	1	1	1	1	-9	-9	1	1
F010294MRH	1	1	1	1	1	1	1	1	1	1	1	1	1	1	1	1
F020006COL	1	1	1	1	1	1	1	1	1	1	1	1	1	1	1	1
F020007COL	1	1	1	1	1	1	1	1	1	1	1	1	1	1	1	1
F020010MKH	1	1	1	1	1	1	1	1	1	1	1	1	1	1	1	1
F020018COL	1	1	2	1	1	2	1	2	1	2	1	2	1	2	2	1
F020018MKH	1	1	1	1	1	1	1	1	1	1	1	1	1	1	1	1
F020021NIM	1	1	1	1	1	1	1	1	1	1	1	1	1	1	1	1
F020022MKH	1	1	1	1	1	1	1	1	1	1	1	1	1	1	1	1
F020028COL	1	1	1	1	1	1	1	1	1	1	1	1	1	1	1	1
F020028NIM	1	1	1	1	1	1	1	1	1	1	1	1	1	1	1	1
F020029COL	1	1	1	1	1	1	1	1	1	1	1	1	1	1	1	1
F020040MKH	1	1	1	1	1	1	1	1	1	1	1	1	1	1	1	1
F020045NIM	1	1	1	1	1	1	1	1	1	1	1	1	1	1	1	1
F020048MKH	1	1	1	1	1	1	1	1	1	1	1	1	1	1	1	1
F020052MRH	1	1	-9	-9	-9	-9	-9	-9	-9	-9	-9	-9	-9	-9	-9	-9
F020055MKH	1	1	1	1	1	1	1	1	1	1	1	1	1	1	1	1
F020057COL	1	1	1	2	2	1	1	2	2	1	1	2	1	2	2	1
F020059COL	1	1	2	1	1	2	1	2	1	2	2	1	1	2	1	2
F020060COL	1	1	1	1	1	1	1	1	1	1	1	1	1	1	1	1
F020061COL	1	1	1	1	1	1	1	1	1	1	1	1	1	1	1	1
F020062COL	1	1	1	1	1	1	1	1	1	1	1	1	1	1	1	1
F020064COL	1	1	1	1	1	1	1	1	1	1	1	1	1	1	1	1
F020066COL	1	1	1	1	1	1	1	1	1	1	1	1	1	1	1	1
F020075MRH	1	1	1	1	1	1	1	1	1	1	1	1	1	1	1	1
F020077NIM	1	1	1	1	1	1	1	1	1	1	1	1	1	1	1	1
F020085COL	1	1	1	1	1	1	1	1	1	1	1	1	1	1	1	1
F020087COL	1	1	1	1	1	1	1	1	1	1	1	1	1	1	1	1
F020089COL	1	1	2	1	2	1	1	2	1	2	1	2	1	2	1	1
F020089NIM	1	1	1	1	1	1	1	1	1	1	1	1	1	1	1	1
F020090COL	1	1	1	1	1	1	1	1	1	1	1	1	1	1	1	1
F020098COL	1	1	1	1	1	1	1	1	1	1	1	1	1	1	1	1
F020105COL	1	1	2	1	1	2	1	2	2	1	2	1	1	1	1	1
F020113COL	1	1	1	1	1	1	1	1	1	1	1	1	1	1	1	1
F020116COL	1	1	1	1	1	1	1	1	1	1	1	1	1	1	1	1
F020120COL	1	1	1	1	1	1	1	1	1	1	1	1	1	1	1	1
F020123COL	1	1	1	1	1	1	1	1	1	1	1	1	1	1	1	1
F020127COL	1	1	1	1	1	1	1	1	1	1	1	1	1	1	1	1
F020132COL	1	1	1	1	1	1	1	1	1	1	1	1	1	1	1	1
F020134COL	1	1	1	1	1	1	1	1	1	1	1	1	1	1	1	1
F020143COL	1	1	1	1	1	1	1	1	1	1	1	1	1	1	1	1
F020144COL	1	1	1	1	1	1	1	1	1	1	1	1	1	1	1	1
F020153COL	1	1	1	1	1	1	1	1	1	1	1	1	1	1	1	1
F020155COL	1	1	1	1	1	1	1	1	1	1	1	1	1	1	1	1
F020160COL	1	1	1	2	1	2	1	2	2	1	2	1	1	2	1	2
F020164COL	1	1	1	1	1	1	1	1	1	1	1	1	1	1	1	1
F020165COL	1	1	1	1	1	1	1	1	1	1	1	1	1	1	1	1
F020168COL	1	1	1	1	1	1	1	1	1	1	1	1	1	1	1	1
F020176COL	1	1	2	1	1	2	1	2	1	2	1	2	1	2	2	1
F020178COL	1	1	1	1	1	1	1	1	1	1	1	1	1	1	1	1
F020190COL	1	1	1	1	1	1	1	1	1	1	1	1	1	1	1	1
F030006NIM	1	1	1	1	1	1	1	1	1	1	1	1	-9	-9	1	1
F030009NIM	1	1	-9	-9	1	1	1	1	1	1	1	1	-9	-9	1	1
F030011NIM	1	1	-9	-9	1	1	1	1	1	1	1	1	-9	-9	1	1
F030015MKH	1	1	-9	-9	1	1	1	1	1	1	1	1	-9	-9	1	1
F030020MKH	1	1	-9	-9	1	1	1	1	1	1	1	1	-9	-9	-9	-9
F030026MKH	1	1	-9	-9	1	1	1	1	1	1	1	1	-9	-9	1	1
F030026NIM	1	1	-9	-9	1	1	1	1	1	1	1	1	-9	-9	1	1
F030031NIM	1	1	1	1	1	1	1	1	1	1	1	1	-9	-9	1	1
F030051NIM	1	1	-9	-9	1	1	1	1	1	1	1	1	-9	-9	1	1
F030052MKH	1	1	-9	-9	1	1	1	1	1	1	1	1	-9	-9	1	1
F030053MKH	1	1	-9	-9	-9	-9	1	1	-9	-9	-9	-9	-9	-9	-9	-9
F030053NIM	1	1	-9	-9	1	1	1	1	1	1	1	1	-9	-9	1	1
F030063MKH	1	1	-9	-9	1	1	1	1	1	1	1	1	-9	-9	-9	-9
F030064MKH	1	1	-9	-9	1	1	1	1	-9	-9	-9	-9	-9	-9	-9	-9
F030071NIM	1	1	-9	-9	1	1	1	1	1	1	1	1	-9	-9	-9	-9
F030074MKH	1	1	-9	-9	-9	-9	1	1	-9	-9	1	1	-9	-9	-9	-9
F030078MKH	1	1	-9	-9	1	1	1	1	1	1	1	1	-9	-9	1	1
F030081MKH	1	1	-9	-9	1	1	1	1	1	1	1	1	-9	-9	-9	-9
F030083NIM	1	1	-9	-9	1	1	1	1	1	1	1	1	-9	-9	1	1
F030099MKH	1	1	-9	-9	1	1	1	1	1	1	1	1	-9	-9	1	1
F040001MKH	1	1	-9	-9	1	1	1	1	1	1	1	1	-9	-9	1	1
F040019MRH	1	1	-9	-9	1	1	1	1	1	1	1	1	-9	-9	1	1
F040019NIM	1	1	-9	-9	1	1	1	1	-9	-9	1	1	-9	-9	-9	-9
F040021NIM	1	1	-9	-9	1	1	1	1	1	1	-9	-9	-9	-9	1	1
F040025MKH	1	1	-9	-9	-9	-9	1	1	-9	-9	1	1	-9	-9	-9	-9
F040033MKH	1	1	-9	-9	1	1	1	1	1	1	1	1	-9	-9	1	1
F040038MKH	1	1	-9	-9	-9	-9	-9	-9	-9	-9	-9	-9	-9	-9	-9	-9
F040042NIM	1	1	-9	-9	1	1	1	1	1	1	1	1	-9	-9	1	1
F040071MKH	1	1	-9	-9	1	-9	1	1	1	1	1	1	-9	-9	-9	-9
F040071MRH	1	1	-9	-9	-9	-9	1	1	-9	-9	-9	-9	-9	-9	-9	-9
F040085MKH	1	1	-9	-9	1	1	1	1	1	1	1	1	-9	-9	-9	-9
F040086MKH	1	1	-9	-9	1	1	1	1	1	1	1	1	-9	-9	1	1
F040087MRH	1	1	-9	-9	1	1	1	1	1	1	1	1	-9	-9	1	1
F040093NIM	1	1	-9	-9	1	-9	1	1	1	1	1	1	-9	-9	-9	-9
F040097MRH	1	1	-9	-9	1	1	1	1	1	1	1	1	-9	-9	1	1
F040098MKH	1	1	1	1	1	1	1	1	1	1	1	1	1	1	1	1
F040100NIM	1	1	-9	-9	1	1	1	1	1	1	1	1	-9	-9	1	1
F050016MKH	1	1	1	1	1	1	1	1	1	1	1	1	1	1	1	1
F050025MKH	1	1	1	1	1	1	1	1	1	1	1	1	1	1	1	1
F050028NIM	1	1	1	1	1	1	1	1	1	1	1	1	1	1	1	1
F050041NIM	1	1	1	1	1	1	1	1	1	1	1	1	1	1	1	1
F050046NIM	1	1	1	1	1	1	1	1	1	1	1	1	1	1	1	1
F050049NIM	1	1	1	1	1	1	1	1	1	1	1	1	1	1	1	1
F050054MKH	1	1	1	1	1	1	1	1	1	1	1	1	1	1	1	1
F050057NIM	1	1	1	1	1	1	1	1	1	1	1	1	1	1	1	1
F050060NIM	1	1	1	1	1	1	1	1	1	1	1	1	1	1	1	1
F050069MKH	1	1	1	1	1	1	1	1	1	1	1	1	1	1	1	1
F050078NIM	1	1	1	1	1	1	1	1	1	1	1	1	1	1	1	1
F050085NIM	1	1	1	1	1	1	1	1	1	1	1	1	1	1	1	1
F050093MKH	1	1	1	1	1	1	1	1	1	1	1	1	1	1	1	1
F071522FRH	1	1	1	1	1	1	1	1	1	1	1	1	1	1	1	1
F080031MKH	1	1	1	1	1	1	1	1	1	1	1	1	1	1	1	1
F080033MKH	1	1	1	1	1	1	1	1	1	1	1	1	1	1	1	1
F080098MKH	1	1	1	1	1	1	1	1	1	1	1	1	1	1	1	1
F082842FRH	1	1	1	1	1	1	1	1	1	1	1	1	1	1	1	1
F083154FRH	1	1	-9	-9	1	1	1	1	1	1	1	1	-9	-9	1	1
F095208FRH	1	1	-9	-9	1	1	1	1	1	1	1	1	1	1	1	1
F095536FRH	1	1	1	1	1	1	1	1	1	1	1	1	1	1	1	1
F096574FRH	1	1	-9	-9	1	1	1	1	1	1	1	1	1	1	1	1
F097066FRH	1	1	1	1	1	1	1	1	1	1	1	1	1	1	1	1
F097963FRH	1	1	1	1	1	1	1	1	1	1	1	1	1	1	1	1
F098331FRH	1	1	1	1	1	1	1	1	1	1	1	1	1	1	1	1
F1010751FRH	1	1	1	1	1	1	1	1	1	1	1	1	1	1	1	1
F1010976FRH	1	1	1	1	1	1	1	1	1	1	1	1	1	1	1	1
F1011066FRH	1	1	1	1	1	1	1	1	1	1	1	1	1	1	1	1
F1011436FRH	1	1	1	1	1	1	1	1	1	1	1	1	1	1	1	1
F1011701FRH	1	1	1	1	1	1	1	1	1	1	1	1	1	1	1	1
F106113FRH	1	1	1	1	1	1	1	1	1	1	1	1	1	1	1	1
F107894FRH	1	1	1	1	1	1	1	1	1	1	1	1	1	1	1	1
F108534FRH	1	1	1	1	1	1	1	1	1	1	1	1	1	1	1	1
F115574FRH	1	1	1	1	1	1	1	1	1	1	1	1	1	1	1	1
F116524FRH	1	1	2	1	2	1	1	2	2	1	2	1	1	2	1	1
F117526FRH	1	1	2	1	1	2	1	2	2	1	1	2	1	2	1	1
F117563FRH	1	1	1	1	1	1	1	1	1	1	1	1	1	1	1	1
F117675FRH	1	1	3	2	2	2	2	2	2	2	2	2	2	2	2	1
F118256FRH	1	1	-9	-9	1	1	1	1	1	1	1	1	-9	-9	1	1
F118320FRH	1	1	1	1	1	1	1	1	1	1	1	1	1	1	1	1
F119135FRH	1	1	1	1	1	1	1	1	1	1	1	1	1	1	1	1
10-43149a	2	1	1	1	1	1	1	1	1	1	1	1	1	1	1	1
10-43160	2	1	1	1	1	1	1	1	1	1	1	1	1	1	1	1
10-43198	2	1	1	1	1	1	1	1	1	1	1	1	1	1	1	1
10-43249	2	1	1	1	1	1	1	1	1	1	1	1	1	1	1	1
10-43250	2	1	-9	-9	1	1	1	1	1	1	1	1	-9	-9	1	1
10-43289	2	1	1	1	1	1	1	1	1	1	1	1	1	1	1	1
10-43296	2	1	1	1	1	1	1	1	1	1	1	1	1	1	1	1
10-43309	2	1	-9	-9	1	1	1	1	-9	-9	-9	-9	-9	-9	1	1
11-43107	2	1	1	1	1	1	1	1	1	1	1	1	1	1	1	1
11-43108	2	1	1	1	1	1	1	1	1	1	1	1	1	1	1	1
11-43112	2	1	1	1	1	1	1	1	1	1	1	1	-9	-9	1	1
11-43117	2	1	1	1	1	1	1	1	1	1	1	1	1	1	1	1
11-43128	2	1	1	1	1	1	1	1	1	1	1	1	1	1	1	1
11-43134	2	1	1	1	1	1	1	1	1	1	1	1	1	1	1	1
11-43136	2	1	-9	-9	1	1	1	1	-9	-9	-9	-9	-9	-9	1	1
12-43076	2	1	1	1	1	1	1	1	1	1	1	1	1	1	1	1
12-43092	2	1	-9	-9	1	1	1	1	1	1	1	1	-9	-9	1	1
12-43094	2	1	-9	-9	1	1	1	1	1	1	1	1	-9	-9	1	1
12-43100	2	1	-9	-9	-9	-9	-9	-9	-9	-9	-9	-9	-9	-9	-9	-9
12-43101	2	1	-9	-9	-9	-9	-9	-9	-9	-9	-9	-9	-9	-9	-9	-9
12-43105	2	1	-9	-9	1	1	1	1	1	1	1	1	-9	-9	1	1
12-43133	2	1	-9	-9	-9	-9	-9	-9	-9	-9	-9	-9	-9	-9	-9	-9
12-43134	2	1	1	1	1	1	1	1	1	1	1	1	1	1	1	1
13-43158	2	1	1	1	1	1	1	1	1	1	1	1	1	1	1	1
13-43178	2	1	-9	-9	1	1	1	1	1	1	1	1	-9	-9	-9	-9
13-43198	2	1	-9	-9	1	1	1	1	1	1	1	1	-9	-9	1	1
13-43217	2	1	-9	-9	-9	-9	-9	-9	-9	-9	-9	-9	-9	-9	-9	-9
13-43240	2	1	-9	-9	1	1	1	1	1	1	1	1	-9	-9	-9	-9
13-43243	2	1	-9	-9	1	1	1	1	1	1	1	1	-9	-9	1	1
13-43294	2	1	1	1	1	1	1	1	1	1	1	1	1	1	1	1
14-43172	2	1	1	1	1	1	1	1	1	1	1	1	1	1	1	1
14-43185	2	1	1	1	1	1	1	1	1	1	1	1	1	1	1	1
14-43189	2	1	-9	-9	1	1	1	1	1	1	1	1	-9	-9	1	1
14-43228	2	1	-9	-9	1	1	1	1	1	1	1	1	-9	-9	-9	-9
14-43246	2	1	-9	-9	-9	-9	-9	-9	-9	-9	-9	-9	-9	-9	-9	-9
14-43356	2	1	-9	-9	1	1	1	1	1	1	1	1	-9	-9	-9	-9
14-43367	2	1	-9	-9	-9	-9	-9	-9	-9	-9	-9	-9	-9	-9	-9	-9
14-43430	2	1	2	2	2	2	2	2	2	2	2	2	-9	-9	2	2
15-43137	2	1	1	1	1	1	1	1	1	1	1	1	1	1	1	1
15-43235	2	1	-9	-9	1	1	1	1	1	1	1	1	-9	-9	1	1
15-43267	2	1	1	1	1	1	1	1	1	1	1	1	1	1	1	1
15-43304	2	1	-9	-9	1	1	1	1	1	1	1	1	-9	-9	1	1
15-43305	2	1	1	1	1	1	1	1	1	1	1	1	1	1	1	1
15-43308	2	1	1	1	1	1	1	1	1	1	1	1	1	1	1	1
15-43340	2	1	1	1	1	1	1	1	1	1	1	1	1	1	1	1
16-43180	2	1	1	1	1	1	1	1	1	1	1	1	1	1	1	1
16-43193	2	1	1	1	1	1	1	1	1	1	1	1	1	1	1	1
16-43223	2	1	1	1	1	1	1	1	1	1	1	1	1	1	1	1
16-43224	2	1	1	1	1	1	1	1	1	1	1	1	1	1	1	1
16-43227	2	1	-9	-9	1	1	1	1	1	1	1	1	-9	-9	1	1
16-43230	2	1	1	1	1	1	1	1	1	1	1	1	1	1	1	1
17-43167	2	1	1	1	1	1	1	1	1	1	1	1	1	1	1	1
17-43169	2	1	1	1	1	1	1	1	1	1	1	1	1	1	1	1
17-43176	2	1	1	1	1	1	1	1	1	1	1	1	1	1	1	1
17-43178	2	1	1	1	1	1	1	1	1	1	1	1	1	1	1	1
17-43189	2	1	1	1	1	1	1	1	1	1	1	1	1	1	1	1
17-43190	2	1	-9	-9	1	1	1	1	1	1	1	1	-9	-9	1	1
17-43251	2	1	1	1	1	1	1	1	1	1	1	1	1	1	1	1
18-43095	2	1	1	1	1	1	1	1	1	1	1	1	1	1	1	1
18-43102	2	1	1	1	1	1	1	1	1	1	1	1	1	1	1	1
18-43121	2	1	-9	-9	-9	-9	-9	-9	-9	-9	-9	-9	-9	-9	-9	-9
18-43123	2	1	1	1	1	1	1	1	1	1	1	1	1	1	1	1
18-43124	2	1	1	1	1	1	1	1	1	1	1	1	1	1	1	1
18-43127	2	1	1	1	1	1	1	1	1	1	1	1	1	1	1	1
18-43154	2	1	1	1	1	1	1	1	1	1	1	1	1	1	1	1
18-43156	2	1	1	1	1	1	1	1	1	1	1	1	1	1	1	1
19-43134	2	1	1	1	1	1	1	1	1	1	1	1	1	1	1	1
19-43138	2	1	1	1	1	1	1	1	1	1	1	1	1	1	1	1
19-43140	2	1	1	1	1	1	1	1	1	1	1	1	1	1	1	1
19-43143	2	1	1	1	1	1	1	1	1	1	1	1	1	1	1	1
19-43146	2	1	1	1	1	1	1	1	1	1	1	1	1	1	1	1
19-43149	2	1	1	1	1	1	1	1	1	1	1	1	1	1	1	1
19-43153	2	1	1	1	1	1	1	1	1	1	1	1	1	1	1	1
19-43164	2	1	1	1	1	1	1	1	1	1	1	1	1	1	1	1
20-43047	2	1	1	1	1	1	1	1	1	1	1	1	1	1	1	1
20-43073	2	1	1	1	1	1	1	1	1	1	1	1	1	1	1	1
20-43082	2	1	1	1	1	1	1	1	1	1	1	1	1	1	1	1
20-43087	2	1	1	1	1	1	1	1	1	1	1	1	1	1	1	1
20-43088	2	1	1	1	1	1	1	1	1	1	1	1	1	1	1	1
20-43101	2	1	1	1	1	1	1	1	1	1	1	1	1	1	1	1
20-43109	2	1	1	1	1	1	1	1	1	1	1	1	1	1	1	1
20-43117	2	1	1	1	1	1	1	1	1	1	1	1	1	1	1	1
05-53037	3	1	-9	-9	-9	-9	-9	-9	-9	-9	-9	-9	-9	-9	-9	-9
05-53041	3	1	2	2	2	2	2	2	2	2	2	2	-9	-9	2	2
05-53044	3	1	2	2	2	2	2	2	2	2	2	2	2	2	2	2
05-53045	3	1	2	2	2	2	2	2	2	2	2	2	-9	-9	2	2
05-53047	3	1	-9	-9	2	2	2	2	2	2	2	2	-9	-9	2	2
05-53049	3	1	-9	-9	-9	-9	-9	-9	-9	-9	-9	-9	-9	-9	-9	-9
05-53053	3	1	-9	-9	2	2	2	2	2	2	2	2	-9	-9	2	2
05-53064	3	1	-9	-9	2	2	2	2	2	2	2	2	-9	-9	2	2
05-53065	3	1	-9	-9	2	2	2	2	2	2	2	2	-9	-9	2	2
05-53067	3	1	2	2	2	2	2	2	2	2	2	2	2	2	2	1
05-65013	3	1	-9	-9	-9	-9	2	2	-9	-9	-9	-9	-9	-9	-9	-9
05-65031	3	1	-9	-9	-9	-9	-9	-9	-9	-9	-9	-9	-9	-9	-9	-9
05-65088	3	1	2	2	2	2	2	2	2	2	2	2	-9	-9	2	2
05-65112	3	1	-9	-9	2	2	2	2	2	2	2	2	-9	-9	2	2
05-65158	3	1	-9	-9	-9	-9	-9	-9	-9	-9	-9	-9	-9	-9	-9	-9
05-65262	3	1	2	2	2	2	2	2	2	2	2	2	2	2	2	2
06-51115	3	1	-9	-9	2	2	2	2	2	2	2	2	-9	-9	2	2
06-51122	3	1	-9	-9	-9	-9	-9	-9	-9	-9	-9	-9	-9	-9	-9	-9
06-51125	3	1	2	2	2	2	2	2	2	2	2	2	2	2	2	2
06-51135	3	1	2	2	2	2	2	2	2	2	2	2	-9	-9	2	2
06-51141	3	1	2	2	2	2	2	2	2	2	2	2	-9	-9	2	1
06-51143	3	1	2	2	2	2	2	2	2	2	2	2	-9	-9	2	2
06-51145	3	1	2	2	2	2	2	2	2	2	2	2	2	2	2	2
06-51148	3	1	-9	-9	-9	-9	2	2	-9	-9	-9	-9	-9	-9	-9	-9
06-51156	3	1	2	2	2	2	2	2	2	2	2	2	2	2	2	2
06-51157	3	1	2	2	2	2	2	2	2	2	2	2	2	2	2	2
06-51163	3	1	-9	-9	2	2	2	2	2	2	2	2	-9	-9	2	2
06-51173	3	1	2	2	2	2	2	2	2	2	2	2	-9	-9	2	2
06-51185	3	1	2	2	2	2	2	2	2	2	2	2	-9	-9	2	2
06-51195	3	1	2	2	2	2	2	2	2	2	2	2	-9	-9	2	1
06-51204	3	1	2	2	2	2	2	2	2	2	2	2	2	2	2	2
06-51207	3	1	2	2	2	2	2	2	2	2	2	2	-9	-9	2	2
06-51234	3	1	2	2	2	2	2	2	2	2	2	2	2	2	2	2
06-51256	3	1	-9	-9	-9	-9	2	2	-9	-9	-9	-9	-9	-9	-9	-9
06-51260	3	1	-9	-9	-9	-9	2	2	-9	-9	2	2	-9	-9	-9	-9
06-55054	3	1	-9	-9	-9	-9	2	2	-9	-9	2	2	-9	-9	2	1
06-65299	3	1	2	2	2	2	2	2	2	2	2	2	-9	-9	2	2
06-65322	3	1	-9	-9	2	2	2	2	2	2	2	2	-9	-9	2	2
06-65357	3	1	-9	-9	-9	-9	2	2	-9	-9	2	2	-9	-9	-9	-9
07-51060	3	1	2	2	2	2	2	2	2	2	2	2	-9	-9	2	2
07-51077	3	1	2	2	2	2	2	2	2	2	2	2	-9	-9	2	2
07-65373	3	1	-9	-9	2	2	2	2	2	2	2	2	-9	-9	2	2
07-65517	3	1	-9	-9	2	2	2	2	2	2	2	2	-9	-9	2	2
07-65572	3	1	2	2	2	2	2	2	2	2	2	2	-9	-9	2	2
07-65901	3	1	-9	-9	2	2	2	2	2	2	2	2	-9	-9	1	2
07-65942	3	1	2	2	2	2	2	2	2	2	2	2	-9	-9	2	2
07-66008	3	1	-9	-9	2	2	2	2	2	2	2	2	-9	-9	2	2
08-51012	3	1	2	2	2	2	2	2	2	2	2	2	-9	-9	2	2
08-51013	3	1	-9	-9	-9	-9	-9	-9	-9	-9	-9	-9	-9	-9	-9	-9
08-51014	3	1	2	2	2	2	2	2	2	2	2	2	-9	-9	2	2
08-51015	3	1	-9	-9	-9	-9	-9	-9	-9	-9	-9	-9	-9	-9	-9	-9
08-51017	3	1	-9	-9	2	2	2	2	-9	-9	-9	-9	-9	-9	-9	-9
08-51018	3	1	2	2	2	2	2	2	2	2	2	2	2	2	2	2
08-51020	3	1	-9	-9	-9	-9	-9	-9	-9	-9	-9	-9	-9	-9	-9	-9
08-51023	3	1	-9	-9	-9	-9	-9	-9	-9	-9	-9	-9	-9	-9	-9	-9
08-65002a	3	1	-9	-9	-9	-9	-9	-9	-9	-9	-9	-9	-9	-9	-9	-9
08-65002b	3	1	-9	-9	2	2	2	2	2	2	2	2	-9	-9	2	2
08-65077	3	1	-9	-9	2	2	2	2	2	2	2	2	-9	-9	2	1
08-65132	3	1	2	2	2	2	2	2	2	2	2	2	-9	-9	2	2
08-65206	3	1	2	2	2	2	2	2	2	2	2	2	-9	-9	2	2
08-65402	3	1	-9	-9	-9	-9	-9	-9	-9	-9	-9	-9	-9	-9	-9	-9
09-51010	3	1	-9	-9	-9	-9	-9	-9	-9	-9	-9	-9	-9	-9	-9	-9
09-65009	3	1	-9	-9	2	2	2	2	2	2	2	2	-9	-9	1	2
09-65026	3	1	-9	-9	2	2	2	2	2	2	2	2	-9	-9	1	2
10-51001	3	1	2	2	2	2	2	2	2	2	2	2	-9	-9	2	2
10-51003	3	1	2	2	2	2	2	2	2	2	2	2	2	2	2	2
10-51004	3	1	2	2	2	2	2	2	2	2	2	2	2	2	2	1
10-65105	3	1	-9	-9	2	2	2	2	2	2	2	2	-9	-9	2	2
10-65160	3	1	2	2	2	2	2	2	2	2	2	2	-9	-9	2	2
10-65230	3	1	2	2	2	2	2	2	2	2	2	2	-9	-9	2	2
11-65088	3	1	-9	-9	-9	-9	2	2	-9	-9	-9	-9	-9	-9	-9	-9
11-65101	3	1	-9	-9	2	2	2	2	2	2	2	2	-9	-9	2	2
11-65115	3	1	-9	-9	2	2	2	2	2	2	2	2	-9	-9	2	2
12-65005	3	1	-9	-9	2	2	2	2	2	2	2	2	-9	-9	2	2
12-65079	3	1	-9	-9	-9	-9	-9	-9	-9	-9	-9	-9	-9	-9	-9	-9
12-65104	3	1	-9	-9	2	2	2	2	2	2	2	2	-9	-9	2	2
12-65136	3	1	-9	-9	2	2	2	2	2	2	2	2	-9	-9	2	2
12-65172	3	1	-9	-9	2	2	2	2	2	2	2	2	-9	-9	2	2
13-65125	3	1	-9	-9	-9	-9	2	2	-9	-9	-9	-9	-9	-9	-9	-9
13-65154	3	1	-9	-9	2	2	2	2	2	2	2	2	-9	-9	2	2
13-65205	3	1	-9	-9	-9	-9	-9	-9	-9	-9	-9	-9	-9	-9	-9	-9
13-65313	3	1	2	2	2	2	2	2	2	2	2	2	2	2	1	2
14-65022	3	1	-9	-9	2	2	2	2	2	2	2	2	-9	-9	2	2
14-65060	3	1	2	2	2	2	2	2	2	2	2	2	2	2	1	2
14-65081	3	1	2	2	2	2	2	2	2	2	2	2	-9	-9	2	2
14-65104	3	1	2	2	2	2	2	2	2	2	2	2	2	2	2	2
10-80086	4	1	2	2	2	2	2	2	2	2	2	2	-9	-9	2	1
10-80282	4	1	2	2	2	2	2	2	2	2	2	2	2	2	1	2
10-80303	4	1	2	2	2	2	2	2	2	2	2	2	2	2	2	1
10-80393	4	1	2	2	2	2	2	2	2	2	2	2	2	2	2	1
10-80406	4	1	2	1	1	2	1	2	1	2	1	2	1	2	1	1
10-80432	4	1	2	2	2	2	2	2	2	2	2	2	2	2	1	1
10-80505	4	1	2	2	2	2	2	2	2	2	2	2	2	2	1	1
10-80509	4	1	2	1	1	2	2	1	2	1	1	2	1	2	1	1
11-80111	4	1	2	2	2	2	2	2	2	2	2	2	-9	-9	2	2
11-80180	4	1	2	2	2	2	2	2	2	2	2	2	2	2	1	2
11-80243	4	1	2	1	2	1	1	2	1	2	1	2	1	2	1	2
11-80253	4	1	2	2	2	2	2	2	2	2	2	2	2	2	1	1
11-80295	4	1	2	2	2	2	2	2	2	2	2	2	2	2	1	1
11-80411	4	1	2	2	2	2	2	2	2	2	2	2	2	2	1	1
11-80467	4	1	2	2	2	2	2	2	2	2	2	2	2	2	1	1
11-80473	4	1	2	2	2	2	2	2	2	2	2	2	2	2	1	2
12-80059	4	1	2	2	2	2	2	2	2	2	2	2	-9	-9	1	1
12-80196	4	1	2	2	2	2	2	2	2	2	2	2	-9	-9	2	1
12-80390	4	1	2	2	2	2	2	2	2	2	2	2	-9	-9	1	2
12-80475	4	1	2	2	2	2	2	2	2	2	2	2	-9	-9	1	1
12-80511	4	1	2	2	2	2	2	2	2	2	2	2	-9	-9	1	1
12-80520	4	1	-9	-9	2	2	2	2	2	2	2	2	-9	-9	2	1
12-80603	4	1	2	2	2	2	2	2	2	2	2	2	2	2	1	1
12-80821	4	1	2	2	2	2	2	2	2	2	2	2	2	2	1	2
13-80034	4	1	2	2	2	2	2	2	2	2	2	2	2	2	2	1
13-80060	4	1	2	2	2	2	2	2	2	2	2	2	2	2	1	2
13-80096	4	1	2	2	2	2	2	2	2	2	2	2	2	2	1	1
13-80236	4	1	2	1	2	1	1	2	1	2	1	2	1	2	1	1
13-80310	4	1	-9	-9	2	2	2	2	2	2	2	2	-9	-9	2	1
13-80322	4	1	2	2	2	2	2	2	2	2	2	2	-9	-9	1	1
13-80324	4	1	-9	-9	2	2	2	2	2	2	2	2	-9	-9	1	1
13-80376	4	1	2	2	2	2	2	2	2	2	2	2	2	2	1	2
14-80051	4	1	2	2	2	2	2	2	2	2	2	2	2	2	1	1
14-80076	4	1	2	2	2	2	2	2	2	2	2	2	2	2	1	1
14-80129	4	1	2	2	2	2	2	2	2	2	2	2	-9	-9	1	1
14-80160	4	1	2	2	2	2	2	2	2	2	2	2	2	2	1	1
14-80243	4	1	2	2	2	2	2	2	2	2	2	2	2	2	1	1
14-80244	4	1	2	2	2	2	2	2	2	2	2	2	2	2	1	1
14-80246	4	1	2	2	2	2	2	2	2	2	2	2	2	2	1	1
14-80458	4	1	1	2	2	1	1	2	2	1	1	2	1	2	1	1
15-80085	4	1	2	2	2	2	2	2	2	2	2	2	2	2	1	1
15-80142	4	1	2	2	2	2	2	2	2	2	2	2	2	2	2	1
15-80168	4	1	2	2	2	2	2	2	2	2	2	2	2	2	1	1
15-80182	4	1	2	2	2	2	2	2	2	2	2	2	-9	-9	1	1
15-80204	4	1	2	2	2	2	2	2	2	2	2	2	2	2	2	1
15-80403	4	1	2	2	2	2	2	2	2	2	2	2	2	2	2	1
15-80440	4	1	2	2	2	2	2	2	2	2	2	2	2	2	1	1
15-80608	4	1	2	2	2	2	2	2	2	2	2	2	2	2	2	1
16-80053	4	1	2	2	2	2	2	2	2	2	2	2	2	2	1	1
16-80057	4	1	2	2	2	2	2	2	2	2	2	2	2	2	1	3
16-80061	4	1	2	2	2	2	2	2	2	2	2	2	2	2	1	1
16-80076	4	1	2	2	2	2	2	2	2	2	2	2	2	2	2	1
16-80286	4	1	2	2	2	2	2	2	2	2	2	2	2	2	1	2
16-80346	4	1	2	2	2	2	2	2	2	2	2	2	2	2	1	1
16-80390	4	1	2	2	2	2	2	2	2	2	2	2	2	2	1	1
16-80493	4	1	1	2	2	1	1	2	2	1	1	2	1	2	1	1
17-80056	4	1	2	2	2	2	2	2	2	2	2	2	2	2	2	1
17-80093	4	1	2	2	2	2	2	2	2	2	2	2	2	2	1	2
17-80137	4	1	2	2	2	2	2	2	2	2	2	2	2	2	1	1
17-80167	4	1	2	2	2	2	2	2	2	2	2	2	2	2	1	1
17-80235	4	1	2	2	2	2	2	2	2	2	2	2	2	2	1	1
17-80356	4	1	2	2	2	2	2	2	2	2	2	2	2	2	1	2
17-80408	4	1	2	2	2	2	2	2	2	2	2	2	2	2	2	1
17-80427	4	1	2	2	2	2	2	2	2	2	2	2	2	2	1	1
18-80032	4	1	2	2	2	2	2	2	2	2	2	2	2	2	2	1
18-80033	4	1	2	2	2	2	2	2	2	2	2	2	2	2	1	1
18-80169	4	1	2	1	1	2	1	2	1	2	1	2	1	2	1	1
18-80339	4	1	2	2	2	2	2	2	2	2	2	2	2	2	2	1
18-80389	4	1	2	2	2	2	2	2	2	2	2	2	2	2	1	2
18-80486	4	1	2	2	2	2	2	2	2	2	2	2	-9	-9	2	1
18-80637	4	1	2	2	2	2	2	2	2	2	2	2	2	2	1	1
18-80702	4	1	2	2	2	2	2	2	2	2	2	2	2	2	1	1
19-80106	4	1	2	2	2	2	2	2	2	2	2	2	2	2	1	1
19-80110	4	1	2	2	2	2	2	2	2	2	2	2	2	2	2	1
19-80146	4	1	2	2	2	2	2	2	2	2	2	2	2	2	1	1
19-80214	4	1	2	2	2	2	2	2	2	2	2	2	2	2	1	1
19-80375	4	1	2	2	2	2	2	2	2	2	2	2	2	2	1	1
19-80382	4	1	2	2	2	2	2	2	2	2	2	2	2	2	2	2
19-80388	4	1	2	2	2	2	2	2	2	2	2	2	2	2	1	1
19-80541	4	1	2	2	2	2	2	2	2	2	2	2	2	2	2	2
20-80026	4	1	2	2	2	2	2	2	2	2	2	2	2	2	1	1
20-80103	4	1	2	2	2	2	2	2	2	2	2	2	2	2	1	2
20-80262	4	1	2	2	2	2	2	2	2	2	2	2	2	2	1	2
20-80300	4	1	2	2	2	2	2	2	2	2	2	2	2	2	1	2
20-80327	4	1	2	2	2	2	2	2	2	2	2	2	2	2	1	1
20-80348	4	1	2	2	2	2	2	2	2	2	2	2	2	2	2	2
20-80349	4	1	2	2	2	2	2	2	2	2	2	2	2	2	1	1
20-80449	4	1	2	2	2	2	2	2	2	2	2	2	2	2	2	2
21-80027	4	1	2	2	2	2	2	2	2	2	2	2	2	2	1	1
21-80088	4	1	2	2	2	2	2	2	2	2	2	2	2	2	1	1
21-80090	4	1	2	2	2	2	2	2	2	2	2	2	2	2	2	1
21-80104	4	1	2	2	2	2	2	2	2	2	2	2	2	2	1	1
21-80107	4	1	2	2	2	2	2	2	2	2	2	2	2	2	2	1
21-80187	4	1	2	2	2	2	2	2	2	2	2	2	2	2	1	2
21-80355	4	1	2	2	2	2	2	2	2	2	2	2	2	2	2	1
21-80368	4	1	2	2	2	2	2	2	2	2	2	2	-9	-9	1	1
